MCSID	FACTRY00	FISIMDSC	FISIMDIN	FISIMDEM	FISIMDHD	FISIMDES	FISIMDHO	FISIMDMG	FISRURUR
M10079L	3	10	10	10	10	10	10	9	1
M10096M	3	6	5	5	6	6	5	9	4
M10100Q	3	8	7	7	7	8	8	10	6
M10126A	3	10	10	9	10	8	10	5	2
M10154E	3	10	10	10	10	10	9	9	1
M10176L	3	10	10	10	10	10	10	1	2
M10193M	3	7	7	7	6	7	9	6	2
M10205Y	3	5	8	6	3	6	7	1	6
M10224B	3	10	10	9	9	8	10	4	2
M10252F	3	10	10	9	10	10	10	2	1
M10254H	3	8	9	8	9	6	6	3	2
M10256K	3	1	1	1	1	2	3	10	2
M10258M	3	4	4	5	6	3	5	3	4
M10264K	3	9	10	8	8	8	9	4	1
M10324E	3	3	3	4	3	2	7	4	3
M10335H	3	9	9	10	9	8	8	2	5
M10366Q	3	6	8	7	7	5	4	1	6
M10385T	3	10	10	9	9	7	10	5	2
M10394U	3	10	10	10	10	10	10	6	1
M10395V	3	1	1	2	2	1	1	6	1
M10397X	3	10	10	10	9	10	10	4	3
M10401A	3	7	7	6	5	6	8	7	2
M10466T	3	8	7	9	8	6	4	10	1
M10529R	3	7	7	7	8	8	8	2	5
M10571T	3	6	9	5	8	9	8	1	5
M10587B	3	1	1	1	1	4	3	8	2
M10612K	3	9	10	9	10	10	9	2	1
M10658Z	3	8	8	8	9	10	9	1	5
M10679E	3	5	5	4	3	6	7	3	1
M10722Q	3	10	10	10	9	10	10	4	3
M10733T	3	10	10	10	10	9	10	6	5
M10740S	3	10	10	10	10	10	9	9	1
M10741T	3	10	9	10	10	10	10	6	2
M10770Y	3	4	3	4	8	8	5	2	6
M10815U	3	9	10	9	9	9	9	2	2
M10840V	3	5	6	4	7	9	6	1	6
M10850X	3	10	10	9	8	10	10	8	2
M10852Z	3	8	8	9	10	9	8	1	6
M10863C	3	1	2	1	1	2	1	6	1
M10879L	3	3	3	3	2	4	6	10	6
M10923X	3	5	6	5	6	6	4	1	5
M10953D	3	7	6	7	8	7	7	4	3
M11011U	3	10	10	10	10	10	10	2	5
M11021W	3	4	4	4	2	5	2	10	2
M11066K	3	4	4	3	4	4	2	4	1
M11084M	3	2	2	2	5	2	5	5	6
M11108C	3	6	5	5	8	6	7	4	6
M11143F	3	5	7	5	7	5	7	2	2
M11148L	3	10	10	9	10	10	10	2	1
M11171K	3	4	3	3	5	4	4	9	1
M11212B	3	10	8	10	10	10	9	5	2
M11217G	3	9	9	9	10	9	10	1	3
M11239N	3	4	4	4	2	3	3	6	1
M11297Y	3	10	10	10	10	10	10	8	1
M11307H	3	7	7	7	6	7	9	6	2
M11354Q	3	7	6	8	9	7	6	3	5
M11358U	3	4	5	5	4	6	5	1	6
M11396A	3	8	9	9	9	5	10	3	2
M11433N	3	2	2	3	1	1	3	4	2
M11485A	3	6	7	6	8	7	7	1	6
M11494B	3	10	10	10	10	10	9	9	1
M11525R	3	9	10	8	8	7	8	3	1
M11530N	3	9	9	9	9	6	10	5	2
M11540Q	3	6	7	6	6	7	8	1	5
M11606R	3	6	7	6	5	7	8	2	6
M11636X	3	5	4	5	5	3	7	5	4
M11637Y	3	10	10	10	10	10	9	2	5
M11650V	3	3	3	3	2	3	4	6	2
M11668F	3	9	10	9	9	6	10	3	1
M11694H	3	8	7	7	7	8	9	7	2
M11698M	3	4	7	5	2	1	4	6	1
M11707V	3	1	2	2	2	1	2	7	1
M11719Z	3	1	1	1	1	1	1	6	1
M11720S	3	5	5	4	5	5	7	2	2
M11745B	3	6	6	4	6	8	8	4	1
M11826B	3	1	1	1	2	2	2	5	2
M11846F	3	6	5	6	6	5	7	9	4
M11870F	3	9	10	8	8	8	10	3	2
M11874K	3	3	3	3	2	3	5	8	3
M11890K	3	9	9	10	10	10	9	2	5
M11893N	3	5	5	4	5	5	7	2	2
M11905Z	3	9	10	10	9	9	10	1	5
M11931B	3	3	3	3	5	2	2	10	1
M11942E	3	7	7	6	7	8	9	3	3
M11988U	3	10	10	10	10	10	9	9	1
M11997V	3	3	4	3	1	8	4	4	1
M11998W	3	1	1	1	1	1	1	10	1
M12035G	3	9	8	9	8	10	10	4	2
M12075Q	3	1	1	2	2	2	2	5	1
M12078T	3	8	9	9	9	10	9	1	5
M12083Q	3	10	9	9	10	10	9	8	1
M12089W	3	6	4	8	5	8	8	1	5
M12212F	3	8	7	7	9	9	8	2	4
M12215J	3	8	10	9	8	8	9	2	3
M12225L	3	6	6	6	7	4	6	7	5
M12253Q	3	2	2	2	4	1	3	8	2
M12258V	3	2	2	3	2	2	3	8	1
M12273U	3	5	5	5	6	4	6	9	1
M12274V	3	8	9	8	10	8	9	1	6
M12279A	3	8	9	8	10	8	9	1	6
M12280T	3	7	6	7	5	9	7	5	2
M12308N	3	8	9	9	10	10	7	1	6
M12318Q	3	6	5	6	6	5	9	6	2
M12325P	3	9	10	9	10	10	10	1	3
M12351R	3	9	8	7	8	10	7	5	1
M12353T	3	4	2	4	6	7	8	5	4
M12370U	3	10	10	10	9	9	10	6	1
M12385B	3	6	6	5	6	5	9	5	6
M12404M	3	7	8	7	6	7	8	2	5
M12406P	3	4	3	4	6	3	8	2	2
M12413N	3	2	2	2	1	1	3	10	1
M12417S	3	8	9	10	10	9	4	1	5
M12432R	3	9	10	8	8	10	9	5	2
M12478F	3	10	10	9	9	10	10	5	3
M12491C	3	2	1	2	3	2	4	5	3
M12495G	3	8	9	8	10	8	9	1	6
M12527X	3	10	9	10	8	7	9	6	1
M12531T	3	5	5	4	6	5	7	4	1
M12592G	3	2	3	3	2	1	3	9	1
M12609Y	3	9	9	7	7	9	7	6	1
M12620T	3	10	10	10	9	10	10	7	1
M12632X	3	4	4	4	5	2	4	9	3
M12718C	3	9	9	8	6	9	9	6	1
M12740A	3	9	10	10	9	6	10	3	2
M12814B	3	1	1	1	2	2	4	9	2
M12843G	3	7	6	8	9	7	6	3	5
M12845J	3	4	4	3	4	3	6	5	3
M12846K	3	5	5	4	5	5	8	4	2
M12865N	3	1	1	1	1	2	3	6	1
M12877S	3	7	8	9	6	7	9	1	1
M12912C	3	9	7	8	7	9	7	9	5
M12944L	3	6	8	6	4	7	5	1	5
M12949R	3	4	5	4	5	4	7	1	5
M12968U	3	9	10	8	8	8	9	4	1
M12991T	3	4	3	4	3	4	6	7	4
M13034K	3	2	4	2	2	2	2	6	2
M13037N	3	8	9	8	10	8	9	1	6
M13039Q	3	1	1	1	1	2	1	10	1
M13050K	3	3	3	2	2	4	7	8	6
M13070P	3	4	2	4	6	7	8	5	4
M13080R	3	9	9	10	10	10	9	2	5
M13090T	3	6	7	6	7	6	6	3	2
M13124L	3	1	1	1	1	1	2	10	2
M13130J	3	8	8	6	6	5	9	8	1
M13180U	3	9	8	7	7	9	7	10	1
M13192Y	3	6	8	6	4	7	5	1	5
M13205L	3	9	10	10	9	6	10	3	2
M13207N	3	9	8	9	6	9	5	9	1
M13212K	3	3	3	2	2	3	5	7	2
M13213L	3	4	5	4	4	4	6	6	3
M13249Y	3	4	4	4	3	5	4	10	2
M13255W	3	6	7	8	9	6	6	1	6
M13275A	3	2	2	2	2	2	6	7	2
M13278D	3	6	7	5	4	3	6	5	3
M13314Q	3	8	7	7	7	8	9	7	2
M13331R	3	8	7	9	9	8	8	1	5
M13349B	3	2	2	2	2	2	2	9	2
M13379H	3	8	7	9	8	6	4	10	1
M13384E	3	5	4	4	7	7	6	9	4
M13386G	3	2	1	2	3	2	4	5	3
M13400M	3	9	10	10	8	9	7	3	2
M13432V	3	8	7	6	9	8	9	5	3
M13438B	3	9	10	10	10	7	10	2	2
M13480D	3	1	1	1	1	1	2	9	1
M13507X	3	3	3	2	3	6	8	5	2
M13525Z	3	5	8	6	3	6	7	1	6
M13548G	3	7	6	7	8	5	8	4	1
M13569M	3	6	7	6	7	6	6	3	2
M13581H	3	8	8	8	9	10	9	1	5
M13592L	3	8	8	9	7	5	8	6	3
M13602V	3	8	8	10	9	10	7	1	5
M13652F	3	4	3	4	3	6	3	8	2
M13658M	3	1	1	1	2	2	2	5	2
M13662H	3	2	3	2	2	3	1	8	1
M13669Q	3	2	2	2	2	1	2	5	1
M13673L	3	8	8	8	8	5	8	3	2
M13715D	3	9	8	7	8	9	9	9	2
M13759R	3	5	6	5	3	5	4	9	3
M13774Q	3	2	2	3	2	2	5	2	3
M13775R	3	6	5	6	7	7	8	2	6
M13785T	3	1	1	1	1	1	3	7	2
M13812D	3	6	7	5	6	4	6	4	1
M13856R	3	9	9	8	7	8	8	7	2
M13862P	3	10	10	10	10	10	9	9	1
M13893W	3	9	9	10	9	8	8	2	5
M13894X	3	1	1	2	2	1	1	8	1
M13897A	3	10	9	10	9	10	10	8	1
M13913H	3	10	10	10	10	10	10	6	1
M13956U	3	9	7	8	10	9	9	4	2
M13963T	3	10	9	9	8	9	6	10	1
M13995B	3	5	5	5	4	3	3	8	5
M14006K	3	2	2	4	2	1	4	6	3
M14009N	3	3	3	2	3	2	5	8	3
M14028R	3	8	7	7	8	7	9	8	5
M14031L	3	8	10	10	10	9	4	1	6
M14032M	3	10	10	10	10	10	9	7	1
M14035Q	3	3	4	3	4	2	4	1	3
M14039U	3	8	9	8	8	9	9	2	5
M14047U	3	4	3	5	3	4	3	2	1
M14060R	3	10	10	10	9	10	10	4	3
M14103K	3	8	8	9	7	5	8	6	3
M14108Q	3	6	6	5	5	6	7	6	3
M14118S	3	1	1	2	2	2	4	5	2
M14146W	3	4	4	5	5	2	3	5	5
M14172Y	3	7	8	7	9	9	8	1	2
M14183B	3	6	5	6	6	5	2	7	3
M14186E	3	2	2	2	2	2	6	4	3
M14196G	3	7	6	6	6	7	6	9	5
M14218V	3	7	8	9	7	7	7	1	5
M14243W	3	4	5	4	5	8	8	1	6
M14331V	3	10	10	9	9	8	10	4	2
M14358G	3	9	7	8	9	9	9	7	3
M14378L	3	2	2	1	2	2	2	7	1
M14401S	3	10	9	8	7	9	8	9	1
M14423Y	3	1	2	2	2	1	2	7	1
M14430X	3	10	9	10	10	10	10	6	2
M14471G	3	2	3	1	2	3	3	9	2
M14513Z	3	6	7	5	4	3	6	5	3
M14531B	3	9	8	8	9	8	9	10	5
M14548L	3	9	9	8	7	8	8	6	1
M14561H	3	5	5	4	4	7	5	7	5
M14579T	3	3	2	3	6	5	7	2	4
M14593R	3	9	10	9	10	10	9	2	1
M14595T	3	10	10	10	9	9	10	4	2
M14604B	3	1	1	1	2	2	1	4	1
M14611A	3	8	7	8	8	6	9	4	6
M14616F	3	1	1	1	1	1	1	7	1
M14644K	3	5	5	4	5	5	8	4	2
M14715H	3	10	9	9	9	10	5	8	1
M14717K	3	4	6	3	4	4	3	6	1
M14747R	3	3	3	2	3	2	6	6	2
M14749T	3	10	10	9	10	9	9	9	2
M14751M	3	6	7	6	5	4	7	4	4
M14771R	3	7	6	5	9	9	7	4	1
M14813J	3	1	1	1	1	1	4	4	6
M14830K	3	9	9	10	10	10	8	1	6
M14835Q	3	4	4	3	3	4	4	7	1
M14873W	3	8	8	7	9	10	9	2	2
M14892Z	3	8	8	8	9	10	9	1	5
M14914N	3	4	4	4	4	3	1	7	1
M14943T	3	4	3	4	3	6	3	8	2
M14960U	3	3	2	4	4	4	4	8	2
M14968C	3	10	10	10	9	9	10	6	1
M14999K	3	4	4	4	5	3	5	5	3
M15012M	3	9	10	9	10	10	10	1	3
M15101M	3	4	4	4	3	4	5	7	2
M15115T	3	1	1	1	1	1	1	9	1
M15118W	3	3	3	3	4	3	3	8	1
M15144Y	3	9	10	8	8	8	10	3	2
M15176G	3	10	10	10	10	10	10	4	1
M15179K	3	6	7	5	6	5	3	5	1
M15241Y	3	6	4	5	5	7	7	8	4
M15300S	3	10	9	9	7	10	9	7	1
M15324A	3	4	4	4	5	4	5	2	1
M15358L	3	5	5	5	7	4	4	5	6
M15363H	3	8	8	7	9	10	8	2	5
M15415C	3	7	6	8	7	5	8	5	1
M15501Z	3	2	3	2	2	3	3	3	5
M15632K	3	8	8	9	7	5	8	6	3
M15675W	3	8	7	7	7	8	9	8	2
M15721K	3	8	7	7	7	8	8	10	6
M15750Q	3	7	7	6	5	6	8	7	2
M15776A	3	8	10	5	9	9	10	3	2
M15820M	3	10	10	9	8	10	10	8	2
M15822P	3	4	5	3	5	2	5	1	5
M15861W	3	5	5	5	5	4	4	9	5
M15870X	3	10	10	10	10	7	10	5	2
M15907T	3	1	2	1	1	1	3	9	3
M15935X	3	2	1	3	2	1	5	2	2
M16001N	3	4	3	3	5	4	4	9	1
M16029A	3	9	10	8	9	9	10	3	2
M16036Z	3	9	8	8	9	8	8	4	4
M16041W	3	9	9	9	10	10	9	2	3
M16055C	3	10	10	10	10	10	9	9	1
M16086K	3	5	4	4	6	3	6	10	3
M16091G	3	4	4	4	5	3	5	5	3
M16092H	3	8	7	9	8	9	8	1	5
M16107X	3	7	7	7	9	6	10	2	6
M16127B	3	9	7	8	7	10	7	8	5
M16131X	3	6	5	6	7	7	7	5	5
M16145D	3	4	4	5	7	4	6	1	2
M16156G	3	3	3	3	4	2	3	3	5
M16162E	3	1	1	1	1	1	2	9	1
M16169M	3	7	8	6	8	8	7	1	5
M16183K	3	8	7	8	8	7	6	3	6
M16254H	3	6	6	6	8	9	3	1	5
M16260F	3	9	10	9	10	10	10	2	2
M16275N	3	10	10	10	10	10	7	5	1
M16298V	3	9	10	9	10	10	10	2	2
M16305B	3	10	10	9	10	10	10	9	1
M16336J	3	10	10	9	10	10	10	3	2
M16354L	3	4	4	3	4	3	6	5	3
M16504G	3	8	8	8	9	10	9	1	5
M16523K	3	2	2	1	2	2	4	5	1
M16533M	3	6	6	6	5	5	2	5	1
M16555T	3	3	3	2	2	3	3	6	1
M16591X	3	7	6	6	5	9	5	9	2
M16602H	3	3	2	4	3	3	2	10	1
M16616P	3	7	7	8	7	6	7	2	3
M16632P	3	10	10	10	10	10	10	4	1
M16636T	3	4	4	4	5	2	3	6	2
M16651S	3	3	4	3	4	2	4	1	3
M16658Z	3	2	2	3	2	2	3	3	1
M16665Y	3	10	9	10	10	10	9	5	4
M16669C	3	10	10	10	9	10	10	5	1
M16708S	3	5	8	6	3	6	7	1	6
M16731R	3	6	5	4	3	8	8	10	2
M16736W	3	10	10	10	9	10	9	6	2
M16748A	3	5	6	4	4	4	6	8	1
M16755Z	3	2	2	2	1	2	2	8	2
M16796J	3	5	4	5	7	5	9	3	2
M16840V	3	6	5	7	8	6	7	6	6
M16881E	3	1	1	1	1	2	2	8	2
M16887L	3	9	9	10	9	8	8	3	1
M16913V	3	4	7	5	2	1	4	6	1
M16953D	3	9	9	10	10	10	9	2	5
M16988Q	3	3	4	2	2	2	2	7	1
M17018B	3	5	5	5	6	4	6	9	1
M17034B	3	6	5	5	9	8	6	6	3
M17040Z	3	8	9	9	9	5	10	3	2
M17052D	3	3	4	2	4	3	4	9	1
M17053E	3	9	10	10	10	10	10	2	3
M17067L	3	9	8	8	8	8	9	6	5
M17089S	3	8	8	7	9	10	9	2	2
M17102W	3	1	1	1	1	1	1	6	1
M17117D	3	1	1	1	1	1	4	7	6
M17162J	3	9	7	9	9	10	9	7	1
M17171K	3	4	4	4	5	3	5	5	3
M17186S	3	5	5	5	4	8	6	5	4
M17193R	3	1	1	2	2	1	5	3	2
M17206D	3	5	5	4	5	5	7	7	3
M17216F	3	9	9	7	8	10	10	4	2
M17247N	3	8	7	7	7	6	8	8	4
M17249Q	3	6	6	5	5	6	8	5	2
M17304E	3	10	10	10	8	10	10	2	2
M17310C	3	5	5	5	4	3	3	8	5
M17313F	3	2	2	1	2	2	2	10	1
M17336N	3	1	1	1	2	2	2	4	1
M17348S	3	7	6	7	8	7	7	4	3
M17353P	3	3	3	3	4	4	5	4	5
M17413J	3	9	10	10	10	7	10	2	2
M17423L	3	3	3	2	2	6	6	9	2
M17484Z	3	5	6	3	3	5	5	8	5
M17496D	3	3	2	3	3	3	5	7	2
M17504L	3	10	8	10	9	10	10	9	1
M17533R	3	3	2	3	6	5	7	2	4
M17547X	3	8	7	9	8	6	4	10	1
M17568C	3	2	1	3	4	3	3	7	4
M17590A	3	9	9	10	9	7	10	2	2
M17664B	3	4	4	4	5	2	4	9	3
M17687J	3	1	1	2	1	1	3	5	2
M17695J	3	4	4	5	5	3	3	6	2
M17705T	3	6	7	7	9	8	4	1	6
M17777K	3	8	9	10	7	8	5	1	5
M17781F	3	4	4	3	4	3	7	8	3
M17810T	3	4	3	4	3	6	1	10	1
M17836D	3	9	9	9	10	9	10	1	3
M17839G	3	8	9	7	8	8	10	2	2
M17856H	3	9	9	9	10	9	10	1	3
M17874K	3	8	9	8	10	8	9	1	6
M17905Z	3	3	3	3	6	2	5	8	5
M17912Y	3	5	6	5	5	5	5	5	2
M17913Z	3	9	9	9	10	10	9	2	3
M17924C	3	10	10	10	9	10	10	4	3
M17925D	3	9	9	10	10	10	9	2	5
M17930A	3	6	7	5	7	8	6	2	2
M17944G	3	5	5	5	3	6	6	6	1
M17975P	3	5	4	4	7	7	6	9	4
M18010X	3	9	10	9	10	10	10	1	3
M18042F	3	6	5	7	8	6	7	6	6
M18054K	3	1	1	1	1	1	1	7	1
M18092R	3	10	10	10	8	10	10	5	3
M18098X	3	7	6	7	6	6	6	8	6
M18127K	3	5	5	4	4	7	5	7	5
M18129M	3	6	5	6	5	7	9	5	2
M18144L	3	6	6	5	5	6	7	6	3
M18154N	3	2	2	3	2	3	5	1	5
M18157R	3	10	10	9	8	10	10	7	1
M18161M	3	1	1	2	1	1	1	5	1
M18171P	3	1	1	1	1	1	2	8	1
M18178W	3	6	6	5	5	4	8	5	3
M18231J	3	10	10	10	9	10	10	4	3
M18350Q	3	6	5	7	8	6	6	1	5
M18353T	3	5	6	5	5	5	4	2	3
M18387D	3	10	9	10	9	9	8	5	6
M18416R	3	4	3	5	4	4	5	3	4
M18453W	3	5	4	5	5	6	6	6	2
M18470X	3	6	7	8	4	8	7	1	5
M18471Y	3	8	9	8	8	5	9	3	3
M18492D	3	9	9	9	10	9	10	1	3
M18497J	3	10	10	9	6	10	7	8	1
M18498K	3	4	5	3	3	4	4	3	2
M18547B	3	9	8	8	7	9	4	10	1
M18578J	3	3	2	2	3	5	1	8	1
M18583F	3	1	1	1	1	1	3	4	1
M18586J	3	3	3	3	4	4	4	5	1
M18588L	3	9	10	9	9	7	5	4	3
M18600P	3	5	6	5	6	6	4	1	5
M18607W	3	4	4	4	5	4	5	2	2
M18619A	3	3	4	4	4	3	4	1	1
M18635A	3	8	8	8	8	9	4	5	1
M18646D	3	5	6	5	3	5	4	9	3
M18647E	3	1	1	1	2	2	2	5	2
M18656F	3	8	10	8	8	6	9	2	5
M18680F	3	9	9	7	7	7	6	10	1
M18681G	3	3	2	3	4	4	4	8	3
M18700S	3	4	3	4	3	4	6	7	4
M18718C	3	7	7	7	6	6	7	3	1
M18728E	3	9	7	8	7	9	7	9	5
M18742C	3	3	4	2	3	4	2	5	1
M18868R	3	8	7	9	9	8	8	2	5
M18880M	3	10	9	10	10	10	10	9	2
M18885S	3	10	9	9	10	10	9	9	1
M18918J	3	10	10	10	10	10	9	7	1
M18956Q	3	8	8	8	8	7	8	2	1
M19008H	3	7	6	6	6	8	6	9	3
M19036M	3	1	1	1	2	1	2	6	1
M19098B	3	3	4	3	3	4	3	5	1
M19101D	3	9	10	9	9	8	9	2	2
M19213L	3	2	1	2	2	2	6	6	3
M19231N	3	4	5	4	5	4	6	2	2
M19275A	3	3	2	3	3	3	2	8	1
M19277C	3	10	10	10	10	8	9	2	1
M19279E	3	3	2	3	3	2	7	5	2
M19281Y	3	2	2	2	2	3	3	7	1
M19292B	3	6	6	4	6	8	8	4	1
M19305P	3	8	9	9	8	8	9	2	2
M19333T	3	6	6	6	4	7	8	3	2
M19336W	3	2	3	2	3	1	2	2	1
M19348A	3	10	10	9	10	10	10	3	2
M19417W	3	3	2	4	2	3	2	9	1
M19421S	3	10	10	9	9	10	10	5	3
M19458F	3	3	4	2	3	4	6	9	3
M19461A	3	3	3	2	2	4	6	5	3
M19463C	3	9	10	8	9	7	10	3	2
M19468H	3	6	6	8	6	9	7	1	5
M19493J	3	7	7	7	7	9	7	1	6
M19495L	3	6	5	6	7	7	8	2	6
M19562E	3	6	7	6	7	6	9	2	3
M19569M	3	3	3	4	4	1	3	8	3
M19640B	3	2	2	4	2	1	4	6	3
M19643E	3	2	3	1	3	2	5	6	3
M19656K	3	9	10	10	8	9	7	3	2
M19664K	3	5	7	7	6	7	4	1	6
M19666M	3	10	10	8	9	9	10	6	1
M19673L	3	7	9	7	5	7	9	2	2
M19674M	3	6	6	7	6	5	8	3	1
M19692P	3	7	7	7	7	6	10	2	1
M19712A	3	5	5	5	8	8	7	1	6
M19761K	3	4	7	5	2	1	4	6	1
M19812D	3	1	1	1	1	1	1	8	1
M19814F	3	8	9	8	10	10	9	1	5
M19834K	3	6	5	6	5	5	1	10	1
M19868V	3	2	2	4	2	1	4	6	3
M19876V	3	8	9	10	9	9	6	1	6
M19878X	3	10	10	10	10	10	10	8	1
M19908L	3	8	8	9	7	5	8	6	3
M19938S	3	6	7	6	7	6	6	3	2
M19941M	3	6	5	6	6	6	4	9	3
M19945R	3	3	3	4	4	1	3	8	3
M19960Q	3	1	1	2	1	1	1	6	1
M19965V	3	10	10	10	9	9	10	6	1
M20002U	3	5	5	5	4	3	3	8	5
M20016A	3	10	10	10	10	10	10	8	1
M20052E	3	1	1	2	2	1	3	6	1
M20073K	3	8	7	8	7	8	9	7	6
M20074L	3	2	2	2	2	2	3	10	1
M20085P	3	3	4	3	2	6	4	10	4
M20135G	3	5	5	4	8	8	6	1	6
M20140D	3	3	4	4	2	2	4	9	1
M20171L	3	10	10	9	9	8	10	4	2
M20199Y	3	8	8	9	7	9	9	3	1
M20219K	3	2	2	2	1	1	3	10	1
M20221D	3	6	5	4	7	7	9	5	1
M20262N	3	2	2	4	2	1	4	6	3
M20271P	3	5	6	5	4	4	7	6	3
M20274S	3	3	3	4	3	3	3	7	3
M20281R	3	10	10	10	10	10	9	7	1
M20332K	3	6	6	6	6	5	6	3	2
M20360P	3	4	4	3	4	4	5	7	2
M20366V	3	8	9	9	6	9	6	1	5
M20382V	3	9	9	8	9	9	10	5	2
M20389C	3	2	2	2	2	5	3	6	1
M20396B	3	8	7	9	8	6	4	10	1
M20439V	3	7	5	7	7	5	7	7	5
M20465X	3	5	5	5	4	3	3	8	5
M20466Y	3	7	7	7	8	5	8	2	2
M20481X	3	4	4	3	4	3	7	8	3
M20488E	3	3	2	3	3	2	7	5	2
M20521N	3	10	10	10	9	9	10	6	1
M20554X	3	2	2	2	2	2	6	7	2
M20574B	3	1	1	1	1	1	1	6	1
M20590B	3	7	6	7	9	7	6	4	6
M20594F	3	4	4	4	4	2	3	5	3
M20634W	3	9	10	9	10	10	10	1	3
M20718Z	3	8	7	7	8	7	7	10	5
M20730V	3	4	3	3	5	4	4	9	1
M20732X	3	8	9	9	9	5	10	3	2
M20737C	3	2	2	2	3	2	4	6	2
M20772F	3	5	6	4	4	5	6	7	3
M20788P	3	2	2	1	1	3	3	8	1
M20795N	3	7	10	4	10	9	9	2	5
M20806Y	3	4	3	4	8	8	5	2	6
M20835D	3	6	6	6	6	5	5	3	5
M20845F	3	7	7	7	6	7	9	6	2
M20846G	3	3	3	4	4	3	4	7	2
M20889T	3	6	7	7	9	8	4	1	6
M20893P	3	1	1	1	1	1	2	5	1
M20972M	3	3	4	3	4	4	4	5	1
M20974P	3	3	2	3	3	3	6	8	3
M20975Q	3	2	2	2	3	1	3	9	1
M20996V	3	5	5	5	3	6	6	4	5
M21003Z	3	7	9	8	8	8	7	1	5
M21011Z	3	10	9	9	7	10	9	7	1
M21069T	3	1	1	1	2	1	2	8	1
M21086U	3	10	10	10	10	10	10	5	1
M21161N	3	5	5	5	6	4	6	9	1
M21171Q	3	3	2	4	6	1	2	7	1
M21195Y	3	5	6	7	5	7	4	1	6
M21203F	3	4	3	5	4	4	1	9	1
M21277Z	3	1	1	2	3	1	2	8	1
M21290W	3	10	10	9	10	10	10	5	1
M21292Y	3	5	8	6	5	7	4	1	6
M21300F	3	9	9	10	9	10	10	2	5
M21314M	3	10	9	9	10	10	10	4	1
M21315N	3	8	8	8	7	7	7	6	4
M21339W	3	8	6	8	7	9	1	10	1
M21358Z	3	8	10	9	8	8	9	2	3
M21407R	3	4	5	3	7	3	5	6	4
M21420N	3	5	4	4	7	7	6	9	4
M21431R	3	8	8	7	8	8	7	3	5
M21446Y	3	5	5	3	4	5	7	8	2
M21566F	3	7	6	8	9	7	6	3	5
M21580D	3	3	3	2	3	7	2	4	2
M21604U	3	9	8	9	8	10	10	4	2
M21644C	3	3	4	3	3	4	4	7	1
M21673H	3	6	6	6	6	5	4	10	6
M21693M	3	10	9	10	10	10	9	8	1
M21695P	3	10	10	10	10	9	10	5	1
M21752F	3	3	2	3	3	2	7	5	2
M21775N	3	2	2	2	2	4	4	1	5
M21795S	3	8	8	9	7	5	8	6	3
M21810Y	3	3	4	4	2	5	1	10	1
M21834G	3	3	2	4	2	4	3	5	1
M21838L	3	8	8	8	9	10	9	1	5
M21849P	3	8	9	8	10	10	9	1	5
M21853K	3	5	5	5	4	8	7	2	4
M21854L	3	10	10	9	9	7	10	5	2
M21885T	3	2	2	2	2	3	1	9	1
M21897X	3	1	2	1	2	1	1	5	2
M21932H	3	3	3	4	4	2	1	8	1
M21942K	3	6	7	5	6	5	6	6	1
M21960M	3	9	7	9	10	9	7	4	1
M22011D	3	9	7	8	7	10	5	8	1
M22042L	3	10	10	10	10	10	10	3	2
M22058U	3	2	2	3	2	2	3	3	1
M22083V	3	9	7	9	9	10	9	7	1
M22118P	3	9	8	8	9	8	9	10	5
M22122K	3	3	4	2	2	2	2	7	1
M22135Q	3	9	10	10	9	8	10	1	5
M22138T	3	10	10	10	10	10	10	5	1
M22140M	3	7	6	8	8	9	8	1	5
M22142P	3	9	8	7	7	9	7	10	1
M22159Y	3	5	4	6	6	4	4	9	1
M22210J	3	2	2	2	1	1	1	6	1
M22237V	3	5	5	4	5	5	7	2	2
M22248Y	3	10	10	10	9	10	9	5	1
M22285D	3	8	9	6	8	7	8	4	1
M22287F	3	1	1	1	1	2	4	7	1
M22298J	3	4	4	4	3	5	1	10	1
M22357C	3	10	10	10	9	10	10	4	3
M22364B	3	6	5	6	5	6	9	7	1
M22429B	3	7	7	7	10	8	10	1	5
M22474G	3	6	6	6	4	7	8	3	2
M22502T	3	8	9	10	6	8	6	1	6
M22503U	3	8	6	8	9	6	6	6	2
M22537E	3	3	2	4	2	3	2	9	1
M22539G	3	3	3	2	3	6	8	5	2
M22543C	3	6	5	6	7	5	7	7	6
M22571G	3	4	4	5	8	8	2	1	6
M22603X	3	8	6	7	7	8	6	10	2
M22617D	3	2	2	2	5	2	2	10	1
M22629H	3	10	10	9	10	10	10	5	2
M22663K	3	9	10	7	7	10	10	5	1
M22690N	3	10	10	10	9	10	10	4	3
M22742H	3	4	5	3	6	5	5	2	5
M22750H	3	6	5	6	7	7	8	2	6
M22765Q	3	1	1	1	1	1	1	6	1
M22773Q	3	3	2	4	3	3	6	8	4
M22774R	3	9	9	7	8	8	10	7	2
M22788X	3	9	8	7	8	8	9	6	2
M22809K	3	2	2	3	3	1	3	8	2
M22834L	3	8	7	8	7	8	9	7	6
M22867V	3	6	7	5	6	6	7	2	3
M22880S	3	7	6	6	6	10	4	10	4
M22891V	3	9	10	9	10	10	10	1	3
M22897B	3	5	5	4	4	5	4	10	3
M22917N	3	3	3	4	3	3	5	4	2
M22923L	3	7	7	7	9	6	10	2	6
M22934P	3	9	10	9	9	6	10	3	1
M22988D	3	5	5	5	5	6	6	3	2
M23022L	3	4	3	3	5	7	7	6	4
M23054U	3	5	3	5	6	5	3	10	4
M23058Y	3	8	9	9	6	9	6	1	5
M23066Y	3	7	9	8	7	8	8	1	5
M23090Y	3	8	10	9	9	3	10	2	2
M23103L	3	2	3	3	2	1	3	9	1
M23121N	3	10	9	9	10	10	9	8	1
M23127U	3	8	8	9	8	8	5	2	5
M23139Y	3	6	6	6	8	8	4	3	6
M23149A	3	8	9	8	10	8	9	1	6
M23165A	3	9	8	8	9	8	8	4	4
M23167C	3	6	5	4	7	7	9	5	1
M23186F	3	8	9	10	7	8	5	1	5
M23198K	3	8	7	9	8	9	8	1	5
M23229Z	3	10	10	10	8	10	10	5	3
M23272C	3	2	2	2	2	2	3	5	2
M23315W	3	7	8	9	7	8	9	2	5
M23319A	3	9	10	8	9	9	10	3	2
M23330V	3	7	6	7	7	6	5	9	3
M23345C	3	2	2	2	3	5	4	2	4
M23356F	3	6	7	6	7	4	3	2	5
M23360B	3	7	6	6	6	6	7	6	5
M23408A	3	10	10	10	10	10	9	2	5
M23435D	3	2	1	2	3	1	2	5	1
M23463H	3	9	8	8	6	7	5	10	1
M23500V	3	5	5	5	6	4	4	4	2
M23548M	3	3	4	2	2	2	2	7	1
M23549N	3	2	2	2	2	3	4	4	1
M23551G	3	9	8	9	10	10	7	2	5
M23577S	3	10	9	9	10	10	9	9	1
M23589W	3	10	10	10	10	10	9	7	1
M23593S	3	9	10	9	10	10	9	2	1
M23691T	3	7	6	7	8	7	7	4	3
M23719N	3	9	8	8	9	8	8	6	2
M23728P	3	9	10	10	10	9	8	1	5
M23732K	3	5	4	5	7	5	9	3	2
M23754R	3	8	8	8	7	10	3	5	1
M23756T	3	8	9	10	8	9	9	1	6
M23762R	3	10	10	10	10	10	10	8	1
M23765U	3	9	7	8	9	9	9	7	3
M23770R	3	8	7	9	6	10	8	2	1
M23776X	3	1	1	1	1	1	3	5	2
M23813K	3	6	7	5	4	4	6	10	2
M23828S	3	3	3	4	4	2	3	5	1
M23832N	3	4	4	4	2	6	2	10	1
M23946X	3	9	9	7	7	10	9	7	2
M23967C	3	1	1	1	1	1	1	6	1
M23988H	3	5	4	4	5	6	3	10	1
M24012N	3	1	1	1	1	1	2	5	1
M24036W	3	3	2	3	3	3	6	8	3
M24037X	3	6	5	4	7	7	6	5	3
M24038Y	3	3	3	3	5	1	4	5	3
M24054Y	3	3	3	2	3	2	6	6	2
M24100M	3	10	10	10	9	9	10	6	1
M24105S	3	3	2	3	3	2	7	5	2
M24139C	3	7	6	6	5	9	5	9	2
M24174F	3	8	9	9	6	9	6	1	5
M24190F	3	5	5	4	5	5	8	4	2
M24230W	3	6	6	7	4	5	4	4	1
M24231X	3	8	7	7	8	7	7	10	5
M24272G	3	7	7	8	7	6	6	2	5
M24276L	3	2	2	2	1	4	1	10	1
M24277M	3	6	7	8	9	6	6	1	6
M24284L	3	7	8	10	8	7	6	1	5
M24298S	3	5	4	8	8	4	8	2	2
M24307A	3	10	10	10	10	8	9	3	3
M24327E	3	1	1	1	1	1	1	7	2
M24356K	3	7	6	6	7	5	7	8	2
M24380K	3	8	7	9	8	7	5	5	6
M24401X	3	3	3	2	2	4	6	5	3
M24408E	3	4	4	3	3	3	6	10	2
M24426G	3	9	8	8	9	8	8	4	4
M24430C	3	1	1	1	2	2	1	9	1
M24460J	3	8	9	9	9	10	9	1	5
M24481P	3	10	9	10	10	10	9	4	1
M24571Q	3	4	3	4	8	8	5	2	6
M24572R	3	3	3	2	2	4	6	5	3
M24583U	3	7	7	6	7	7	9	5	3
M24607K	3	3	2	2	3	4	6	10	2
M24623K	3	5	5	5	6	4	6	9	1
M24624L	3	10	10	10	10	10	10	6	1
M24650N	3	3	3	3	6	2	5	8	5
M24657V	3	2	2	2	2	3	1	7	1
M24686A	3	2	2	2	4	3	5	3	6
M24709Q	3	6	6	5	8	8	7	2	5
M24710H	3	1	1	1	1	2	1	9	1
M24717Q	3	9	10	9	10	10	10	1	3
M24767A	3	10	10	9	10	10	8	3	1
M24776B	3	10	10	9	9	7	10	5	2
M24828W	3	3	4	2	3	3	2	6	1
M24844W	3	6	4	6	4	5	4	10	1
M24845X	3	7	6	8	7	5	8	5	1
M24862Y	3	1	1	1	2	2	2	5	2
M24869F	3	10	10	10	8	10	10	2	2
M24920R	3	9	10	9	10	10	9	2	1
M24921S	3	5	5	4	4	5	9	6	3
M24922T	3	6	5	5	7	6	8	7	2
M24971C	3	7	8	5	7	5	10	4	5
M24982F	3	9	10	10	10	10	9	1	1
M24991G	3	5	5	4	5	5	8	4	2
M25004S	3	2	2	2	1	1	3	10	1
M25031V	3	6	5	6	7	5	7	7	6
M25038C	3	6	6	7	4	6	2	6	1
M25087M	3	9	9	8	8	9	8	4	1
M25128D	3	9	10	10	10	7	10	2	2
M25210W	3	3	3	3	4	4	5	4	5
M25237H	3	10	9	9	9	10	9	8	1
M25316F	3	7	9	8	10	8	4	1	6
M25323E	3	10	9	10	9	8	9	4	5
M25338M	3	3	3	3	6	2	5	8	5
M25391S	3	9	7	8	7	9	7	9	5
M25408J	3	9	9	8	8	9	8	4	1
M25422G	3	6	6	5	7	4	5	10	1
M25423H	3	9	9	7	7	9	7	6	1
M25450L	3	10	10	10	9	10	9	5	1
M25497B	3	10	10	10	10	10	10	4	1
M25510F	3	6	6	6	4	7	8	3	2
M25592Z	3	4	4	3	3	3	6	10	2
M25636U	3	6	6	5	6	6	8	9	3
M25657Z	3	2	3	3	2	1	3	9	1
M25665Z	3	6	7	5	4	3	6	5	3
M25736X	3	9	9	9	8	9	9	3	2
M25779J	3	8	7	7	7	8	9	7	2
M25790D	3	2	2	2	2	2	4	3	6
M25833X	3	8	8	8	10	9	6	1	5
M25834Y	3	5	5	4	5	5	7	7	3
M25847D	3	3	2	4	4	4	4	8	2
M25848E	3	6	5	4	7	7	9	5	1
M25854C	3	3	3	3	2	3	3	5	1
M25861B	3	2	1	2	2	2	3	7	1
M25881F	3	5	5	4	5	5	8	4	2
M25949J	3	9	10	8	9	9	10	3	2
M25951C	3	9	10	8	8	8	10	3	2
M25957J	3	5	4	4	5	6	7	6	2
M25962F	3	4	3	4	5	2	6	4	2
M25978P	3	9	9	8	7	8	8	7	2
M26011V	3	5	5	4	4	4	6	4	5
M26032A	3	5	4	8	8	4	8	2	2
M26039H	3	5	6	7	3	4	1	9	1
M26041B	3	10	10	9	9	10	10	6	1
M26043D	3	2	1	3	3	1	2	7	1
M26044E	3	8	9	10	7	8	5	1	5
M26046G	3	3	3	2	4	4	8	3	2
M26054G	3	10	10	10	10	10	9	2	5
M26082L	3	1	1	1	2	1	2	6	1
M26092N	3	6	7	6	6	7	8	1	5
M26097T	3	8	9	10	9	8	8	1	5
M26111Y	3	1	1	1	1	3	2	6	2
M26155L	3	9	10	8	7	8	10	2	5
M26164M	3	10	10	10	10	9	10	9	1
M26197W	3	2	3	2	2	3	5	4	6
M26222E	3	6	7	6	7	6	6	3	2
M26248Q	3	4	5	3	3	5	3	8	1
M26250J	3	8	9	8	10	10	9	1	5
M26259T	3	7	8	9	7	9	7	1	5
M26287X	3	6	6	6	4	7	8	3	2
M26313G	3	10	10	10	9	9	10	6	1
M26314H	3	5	5	5	5	5	7	8	3
M26319N	3	7	6	7	6	8	5	9	1
M26336P	3	10	10	9	9	7	10	5	2
M26349U	3	7	7	7	6	6	7	3	1
M26411H	3	5	5	4	4	5	9	6	3
M26425P	3	8	8	7	9	10	9	2	2
M26476A	3	8	9	8	8	6	9	3	2
M26506P	3	6	7	7	7	9	9	1	6
M26570X	3	5	6	4	7	9	6	1	6
M26577E	3	9	10	10	9	6	10	3	2
M26580Z	3	4	4	4	5	2	3	6	2
M26604Q	3	10	9	8	9	10	9	8	5
M26612Q	3	5	3	5	5	5	4	9	3
M26637Z	3	6	6	6	7	6	4	5	5
M26663B	3	5	5	5	4	3	3	8	5
M26719A	3	5	6	4	4	5	2	5	1
M26735A	3	5	4	7	5	4	5	6	3
M26747E	3	10	10	10	9	9	10	4	2
M26768K	3	9	9	10	9	7	10	2	2
M26793L	3	1	1	2	2	1	3	8	2
M26799S	3	5	4	8	8	4	8	2	2
M26800S	3	5	6	4	5	6	9	8	1
M26832A	3	9	9	8	9	9	10	5	2
M26839H	3	6	5	5	7	7	8	8	2
M26843D	3	6	7	6	7	9	8	1	5
M26875M	3	10	9	10	10	10	9	4	1
M26889T	3	8	7	7	7	8	8	10	6
M26938K	3	10	9	9	9	10	10	5	2
M26978T	3	10	9	10	9	10	10	5	1
M26984R	3	10	9	10	9	10	8	10	1
M27007D	3	4	3	4	5	2	6	4	2
M27020A	3	10	10	10	9	10	10	4	3
M27052J	3	10	9	9	7	10	10	5	2
M27055M	3	2	2	2	3	1	3	9	1
M27065P	3	10	9	9	9	10	9	8	1
M27076S	3	9	9	9	8	10	9	3	2
M27082Q	3	7	7	6	4	7	6	10	2
M27091R	3	5	5	6	8	6	3	1	5
M27099Z	3	9	9	9	10	10	9	2	3
M27123G	3	6	7	5	6	5	6	6	1
M27128M	3	3	3	4	3	3	5	4	2
M27134K	3	10	10	10	10	8	8	5	1
M27162P	3	4	4	4	3	4	6	5	3
M27176V	3	9	8	8	10	8	9	6	2
M27212G	3	1	1	1	1	1	1	8	2
M27227P	3	2	1	2	4	1	4	9	3
M27233M	3	2	2	2	2	1	3	4	1
M27255T	3	4	5	4	3	4	5	2	5
M27259X	3	7	8	6	9	7	8	3	2
M27263T	3	10	9	10	9	10	10	7	1
M27269Z	3	9	8	9	9	8	7	3	2
M27274W	3	9	8	8	9	8	9	10	5
M27282W	3	10	9	9	9	10	9	8	1
M27283X	3	5	6	4	5	6	9	8	1
M27309Q	3	9	9	8	9	9	10	5	2
M27323N	3	1	1	2	3	1	2	8	1
M27347W	3	8	7	9	8	6	4	10	1
M27349Y	3	4	4	4	5	3	4	6	3
M27352T	3	10	9	9	10	10	10	4	1
M27353U	3	7	6	7	7	7	7	2	5
M27370V	3	8	9	7	8	8	10	2	2
M27383A	3	10	10	9	10	10	10	7	1
M27398H	3	3	3	3	4	3	3	8	2
M27411M	3	9	9	9	8	8	9	3	2
M27418U	3	2	2	2	4	3	5	3	6
M27586K	3	10	10	10	10	10	10	6	1
M27716B	3	3	4	4	3	3	1	10	1
M27762H	3	1	2	2	2	1	2	7	1
M27789U	3	1	1	1	2	2	2	5	2
M27792P	3	3	4	4	2	2	4	9	1
M27809F	3	8	7	7	8	7	7	10	5
M27846L	3	9	7	10	6	8	7	9	1
M27888W	3	8	8	8	8	6	9	3	2
M27890Q	3	1	1	1	1	1	1	9	1
M27921E	3	5	5	4	8	8	6	1	6
M27941J	3	6	6	6	4	4	5	7	3
M27959U	3	10	10	9	10	10	10	2	3
M27979Y	3	10	9	10	10	10	9	8	1
M27980R	3	2	3	2	2	3	2	9	1
M27989A	3	2	2	2	2	2	1	3	2
M27997A	3	6	5	5	7	4	6	9	2
M28012E	3	1	1	1	1	2	1	10	1
M28067V	3	10	10	10	9	10	3	9	1
M28087Z	3	2	2	2	1	2	4	6	4
M28122K	3	7	6	7	6	8	5	9	1
M28129S	3	1	1	2	1	1	2	6	1
M28202J	3	1	1	1	2	1	2	6	1
M28204L	3	7	8	8	7	8	4	1	5
M28206N	3	1	1	1	1	1	1	7	2
M28218S	3	9	7	9	8	10	10	5	1
M28222N	3	10	10	9	8	10	10	7	1
M28229V	3	6	8	6	5	3	7	5	2
M28237V	3	10	10	9	10	10	9	6	1
M28248Y	3	6	6	6	6	6	1	10	1
M28280Y	3	10	9	10	10	10	10	3	1
M28281Z	3	8	10	9	7	4	9	3	1
M28300K	3	3	2	3	3	5	4	7	2
M28304P	3	6	6	6	8	8	4	3	6
M28322R	3	6	7	6	7	6	9	2	3
M28330R	3	9	8	7	9	7	8	6	2
M28357C	3	1	1	1	1	1	1	10	1
M28379J	3	2	2	3	2	2	2	3	1
M28392F	3	7	6	5	7	4	8	10	4
M28395J	3	3	3	2	3	3	4	10	1
M28398M	3	10	10	10	10	9	10	5	1
M28438C	3	3	3	3	2	4	5	8	2
M28446C	3	3	3	2	3	6	8	5	2
M28469K	3	8	7	7	6	7	7	9	2
M28486L	3	9	9	9	8	10	10	2	3
M28495M	3	5	4	8	8	4	8	2	2
M28497P	3	10	10	10	10	9	8	5	1
M28508Z	3	8	9	8	10	8	9	1	6
M28570F	3	10	10	10	10	10	9	7	1
M28572H	3	5	6	7	3	4	4	2	1
M28576M	3	4	3	4	8	8	5	2	6
M28584M	3	5	4	6	3	4	6	6	3
M28606A	3	3	4	2	3	4	5	5	1
M28614A	3	1	1	1	1	1	1	7	2
M28694S	3	9	10	9	10	10	10	2	2
M28711A	3	7	7	5	4	7	10	7	2
M28737L	3	4	3	4	3	5	3	8	1
M28772P	3	3	3	3	2	4	6	3	1
M28781Q	3	7	5	8	7	6	9	9	2
M28786V	3	8	9	10	10	8	5	1	5
M28796X	3	6	6	5	6	5	6	4	3
M28809K	3	7	6	6	6	9	8	7	3
M28826L	3	2	2	3	3	1	3	8	2
M28852N	3	4	4	4	5	6	2	7	1
M28890U	3	8	6	8	6	10	8	7	4
M28893X	3	7	10	4	10	9	9	2	5
M28895Z	3	4	4	4	5	4	5	2	1
M28940M	3	8	8	7	9	10	9	2	2
M28941N	3	3	2	3	3	5	4	7	2
M28944R	3	5	4	5	5	4	6	6	5
M28954T	3	7	8	9	7	8	9	2	5
M28986B	3	2	2	2	2	2	4	3	6
M29009P	3	8	7	7	7	10	7	5	1
M29045T	3	4	4	4	4	3	4	4	5
M29054U	3	8	10	9	7	8	6	2	2
M29066Y	3	10	10	10	9	10	10	3	3
M29067Z	3	1	2	2	2	1	2	7	1
M29089F	3	7	7	6	7	7	6	5	6
M29091Z	3	4	3	4	8	3	7	5	6
M29124R	3	7	9	6	7	5	7	6	1
M29204Q	3	6	6	5	7	4	5	10	1
M29205R	3	7	8	6	6	8	9	4	2
M29208U	3	2	2	4	3	1	1	9	1
M29240U	3	3	3	3	3	2	3	7	1
M29260Y	3	7	8	6	7	8	8	4	5
M29344B	3	8	8	8	9	8	6	2	5
M29353C	3	3	4	3	2	4	2	9	1
M29356F	3	4	4	4	4	4	7	9	2
M29414Y	3	9	10	9	10	10	9	2	1
M29434C	3	6	5	6	6	5	7	9	4
M29469P	3	10	8	10	10	10	9	5	2
M29470G	3	4	3	4	4	3	3	8	3
M29519G	3	7	6	7	6	10	9	4	5
M29528H	3	3	3	3	4	3	3	8	2
M29529J	3	6	6	6	5	4	2	7	1
M29556M	3	5	6	4	5	5	8	3	2
M29569S	3	3	2	3	2	4	2	8	1
M29607F	3	1	1	1	1	1	1	10	1
M29611B	3	9	9	9	10	9	10	1	3
M29619K	3	4	4	4	5	4	5	2	1
M29633H	3	8	7	9	10	8	10	2	2
M29641H	3	2	3	2	2	3	1	8	1
M29719N	3	8	9	8	8	8	9	3	1
M29722H	3	8	9	9	10	9	7	1	5
M29792X	3	9	8	7	8	9	9	9	2
M29831M	3	9	8	8	8	9	7	5	1
M29845T	3	10	10	10	9	9	10	6	1
M29860S	3	9	10	9	8	10	10	2	2
M29880W	3	2	3	2	3	1	3	6	1
M29888E	3	3	3	3	4	2	3	3	5
M29905N	3	5	5	5	4	3	3	8	5
M29954X	3	6	6	7	6	7	7	1	5
M29967C	3	10	10	10	8	10	10	4	2
M29979G	3	10	10	9	10	10	10	2	1
M29980Z	3	5	6	4	4	5	2	5	1
M30008F	3	1	1	2	1	1	2	7	1
M30027J	3	3	3	4	3	5	3	2	3
M30028K	3	5	4	5	8	4	2	8	1
M30037L	3	6	7	6	7	6	9	2	3
M30049Q	3	9	10	9	9	8	9	2	2
M30054M	3	2	2	1	2	2	2	7	1
M30115H	3	9	10	9	10	10	10	2	2
M30124J	3	10	10	9	9	9	9	7	1
M30144N	3	7	6	7	8	7	7	4	3
M30149T	3	5	6	5	3	5	4	9	3
M30166U	3	8	9	8	10	8	9	1	6
M30204H	3	6	7	7	7	9	2	1	6
M30230K	3	9	10	10	10	8	10	2	2
M30251Q	3	4	4	4	4	3	6	4	3
M30289E	3	4	4	4	5	4	5	2	1
M30328U	3	7	7	5	5	9	4	9	1
M30341R	3	6	5	5	6	6	4	9	2
M30342S	3	8	8	9	7	5	8	6	3
M30363X	3	7	8	8	7	8	8	1	6
M30384C	3	1	1	1	2	1	5	8	2
M30398J	3	9	9	10	10	10	10	2	5
M30404P	3	10	10	10	10	10	10	4	1
M30417U	3	1	1	1	1	1	4	7	6
M30419W	3	8	7	6	8	8	9	7	4
M30449C	3	5	6	5	5	4	3	4	2
M30484F	3	1	1	1	1	1	1	3	1
M30488K	3	2	3	2	2	3	2	9	1
M30500N	3	7	7	6	8	7	7	1	4
M30516W	3	8	10	8	8	6	9	2	5
M30518Y	3	5	6	5	5	5	5	5	2
M30525X	3	2	2	4	2	1	4	6	3
M30527Z	3	4	3	4	4	5	7	2	4
M30589P	3	8	8	9	7	5	8	6	3
M30592J	3	3	4	4	5	2	4	8	3
M30599R	3	5	5	4	5	5	7	7	3
M30642B	3	3	4	3	4	2	4	1	3
M30695Q	3	1	1	2	1	1	2	5	1
M30703X	3	1	1	2	2	2	4	5	2
M30745H	3	8	7	9	8	7	7	3	4
M30836K	3	9	8	9	6	9	5	9	1
M30846M	3	4	4	3	4	3	2	9	2
M30850H	3	10	10	9	10	10	10	5	1
M30864P	3	6	7	7	8	10	4	1	6
M30895W	3	1	1	2	3	1	4	8	1
M30916J	3	6	6	6	4	7	8	3	2
M30919M	3	4	5	5	4	3	5	2	1
M30921F	3	10	10	10	10	9	9	7	1
M30932J	3	9	10	9	10	10	10	1	3
M30954Q	3	6	5	4	7	7	6	5	3
M30956S	3	2	2	2	3	1	3	5	1
M30966U	3	3	3	2	3	2	5	8	3
M30980S	3	7	7	5	4	7	10	7	2
M31042M	3	2	2	2	2	3	1	7	1
M31047S	3	3	2	3	4	3	9	3	2
M31079A	3	6	7	6	8	8	8	1	5
M31085Y	3	5	5	4	5	5	8	4	2
M31112J	3	9	10	9	9	6	10	3	1
M31128S	3	3	2	2	3	5	1	8	1
M31140N	3	4	5	4	5	4	7	1	5
M31141P	3	8	9	9	7	8	9	1	5
M31148W	3	9	10	8	8	8	9	4	1
M31171V	3	8	7	9	9	8	8	1	5
M31183Z	3	6	7	6	7	6	6	3	2
M31212M	3	10	10	10	7	10	5	10	1
M31219U	3	5	4	5	5	4	6	6	5
M31222P	3	7	7	7	9	6	10	2	6
M31226T	3	6	5	5	8	6	7	4	6
M31244V	3	8	7	9	9	8	8	1	5
M31245W	3	1	1	1	2	1	4	7	2
M31263Y	3	10	8	10	10	10	8	7	6
M31264Z	3	1	1	1	2	1	1	8	1
M31268D	3	7	6	7	7	6	5	9	3
M31307T	3	6	7	6	7	6	6	3	2
M31313R	3	4	5	4	4	4	6	6	3
M31358E	3	1	1	1	2	1	1	8	1
M31376G	3	10	9	9	9	9	9	8	3
M31394J	3	9	9	7	8	8	10	7	2
M31407W	3	10	10	10	9	10	10	9	1
M31462D	3	9	9	6	7	9	9	9	2
M31496P	3	10	9	10	9	10	8	10	1
M31504W	3	5	6	8	7	3	4	1	5
M31516A	3	9	8	10	10	10	10	2	3
M31521X	3	10	9	10	9	10	10	3	2
M31527D	3	10	9	8	8	9	10	8	2
M31536E	3	9	10	7	8	9	10	5	3
M31545F	3	5	5	4	6	5	7	4	1
M31546G	3	6	6	8	8	6	4	1	6
M31551D	3	5	5	5	6	3	7	4	2
M31572J	3	7	5	8	6	8	6	8	3
M31599V	3	9	9	8	7	9	9	3	3
M31607C	3	10	10	10	9	10	10	4	3
M31616D	3	6	7	8	4	8	7	1	5
M31692R	3	5	3	6	7	5	8	2	4
M31784U	3	5	5	4	3	4	2	10	1
M31793V	3	9	9	10	10	10	9	2	5
M31817L	3	10	9	9	10	10	9	8	1
M31825L	3	9	9	8	8	7	10	5	3
M31829Q	3	1	1	1	1	1	1	6	1
M31830H	3	2	1	3	3	1	2	7	1
M31858V	3	9	8	8	7	9	8	6	3
M31887A	3	2	1	3	3	1	2	7	1
M31901F	3	3	3	2	2	4	7	8	6
M31981X	3	7	7	8	7	6	6	2	5
M31993B	3	6	6	6	8	8	4	3	6
M31998G	3	9	10	9	9	6	10	3	1
M32029U	3	7	8	8	7	8	7	1	5
M32050R	3	4	4	5	5	2	3	5	5
M32135V	3	5	5	5	7	6	1	10	1
M32152W	3	8	9	10	7	8	5	1	5
M32153X	3	1	1	1	2	2	2	5	2
M32158C	3	9	8	8	8	7	10	4	5
M32161X	3	10	10	10	9	10	10	4	3
M32182C	3	1	1	1	1	1	2	9	1
M32187H	3	9	10	9	9	9	9	2	2
M32197K	3	4	5	4	3	5	8	4	2
M32220R	3	8	7	7	8	7	7	10	5
M32247C	3	4	4	3	4	4	2	4	1
M32253A	3	8	9	10	10	9	4	1	5
M32276H	3	5	5	6	4	5	4	7	1
M32309Z	3	8	10	9	8	10	9	1	2
M32320U	3	3	2	4	2	4	3	5	1
M32322W	3	7	6	6	6	6	7	6	5
M32365H	3	4	4	4	4	4	7	9	2
M32372G	3	4	5	3	3	4	7	10	2
M32400T	3	8	10	10	10	9	4	1	6
M32438H	3	9	8	10	10	6	10	6	4
M32439J	3	9	10	9	9	8	9	2	2
M32450D	3	9	9	9	8	8	6	3	2
M32466M	3	3	2	4	4	4	4	8	2
M32477Q	3	3	4	3	4	2	4	1	3
M32493Q	3	1	1	2	2	1	1	6	1
M32501X	3	10	9	10	9	10	10	8	1
M32542G	3	8	9	9	9	5	10	3	2
M32570L	3	8	7	7	8	8	9	9	1
M32650K	3	9	9	9	10	9	10	1	3
M32658T	3	1	1	1	1	1	1	4	1
M32671Q	3	6	6	6	6	6	5	5	3
M32700C	3	5	5	3	4	7	7	8	2
M32709M	3	8	10	8	7	9	10	2	3
M32715K	3	8	10	8	8	6	9	2	5
M32754S	3	3	2	3	3	3	6	8	3
M32786A	3	5	3	6	7	5	8	2	4
M32795B	3	3	3	4	4	1	3	8	3
M32803J	3	10	10	9	8	8	10	6	2
M32806M	3	6	7	7	10	9	5	1	6
M32816P	3	9	10	7	9	8	10	3	2
M32867A	3	4	4	4	3	4	5	7	1
M32872X	3	5	6	3	3	5	5	8	5
M32875A	3	4	5	4	4	4	6	6	3
M32893C	3	3	3	4	4	1	3	8	3
M32932S	3	4	5	4	4	4	4	3	1
M32963Z	3	7	8	9	9	8	7	1	5
M33045Y	3	4	3	4	6	3	6	4	5
M33060X	3	7	6	6	5	8	9	8	2
M33062Z	3	3	3	4	3	5	3	2	3
M33097L	3	9	10	9	10	10	9	2	1
M33117X	3	2	2	3	4	2	4	3	2
M33127Z	3	5	5	6	4	5	4	7	1
M33157F	3	4	5	5	4	4	2	7	1
M33168J	3	6	6	5	8	8	7	2	5
M33181F	3	9	9	7	8	10	10	4	2
M33228D	3	8	9	7	8	8	10	2	2
M33243C	3	3	4	3	4	4	4	5	1
M33245E	3	6	6	6	7	6	4	5	5
M33274K	3	3	2	2	2	6	6	9	2
M33276M	3	3	2	3	6	5	7	2	4
M33320Y	3	2	1	1	2	3	5	9	2
M33328G	3	8	9	7	8	8	10	2	2
M33340C	3	1	1	1	1	1	1	7	1
M33352G	3	5	5	5	5	4	4	9	5
M33367P	3	5	7	5	6	5	3	2	2
M33379T	3	10	10	10	10	10	9	2	5
M33424F	3	7	7	6	8	7	7	1	4
M33428K	3	1	1	1	1	1	4	4	6
M33444K	3	7	6	6	9	7	3	7	1
M33446M	3	7	8	7	8	8	5	2	6
M33475S	3	4	4	4	5	3	5	5	3
M33485U	3	2	2	2	2	3	4	10	2
M33490R	3	10	10	10	10	10	10	4	1
M33541K	3	6	6	5	5	6	9	4	2
M33558U	3	6	7	6	7	9	8	1	5
M33572S	3	6	6	5	6	6	8	9	3
M33573T	3	5	5	6	7	4	4	2	6
M33609N	3	9	9	10	10	10	8	1	6
M33620H	3	1	1	1	1	1	1	4	1
M33634P	3	1	1	2	2	2	3	5	1
M33639U	3	9	9	9	10	9	10	1	3
M33665W	3	8	7	7	7	9	6	9	2
M33670T	3	2	2	1	2	3	1	7	1
M33673W	3	5	6	4	4	6	8	5	2
M33677A	3	6	6	6	7	6	3	5	4
M33680V	3	4	4	4	5	5	7	1	6
M33729V	3	3	4	2	3	4	6	9	3
M33764Y	3	1	1	1	1	1	3	7	2
M33820P	3	1	1	2	2	2	2	2	1
M33863A	3	9	7	8	8	10	7	7	3
M33905T	3	6	4	6	7	6	7	4	2
M33998Q	3	10	10	10	10	10	9	2	5
M34048F	3	9	9	8	9	9	10	3	2
M34058H	3	1	1	1	1	1	1	9	1
M34067J	3	8	10	10	10	9	4	1	6
M34077L	3	5	5	5	4	3	3	8	5
M34081G	3	9	10	9	10	10	10	1	3
M34095N	3	2	2	3	2	2	3	3	1
M34102U	3	3	4	2	3	4	6	9	3
M34122Y	3	2	1	2	3	2	4	5	3
M34134C	3	2	2	2	2	1	3	9	2
M34156J	3	9	9	8	9	9	10	5	2
M34168N	3	1	1	1	2	2	2	5	2
M34178Q	3	10	10	10	10	10	10	5	2
M34202X	3	7	7	8	7	8	6	3	2
M34219G	3	1	1	1	1	1	4	4	6
M34246K	3	10	10	10	10	10	10	3	1
M34258P	3	4	3	4	8	8	5	2	6
M34292R	3	1	1	1	1	1	2	6	1
M34305D	3	10	10	10	9	10	9	5	1
M34317H	3	8	7	7	7	8	9	7	2
M34352L	3	2	2	2	3	1	3	5	1
M34355P	3	6	6	6	5	6	7	2	2
M34364Q	3	4	4	4	2	7	2	9	1
M34376U	3	5	5	5	5	5	9	1	2
M34386W	3	9	10	10	10	10	10	2	3
M34387X	3	1	1	1	1	1	1	3	1
M34395X	3	10	10	9	8	10	10	8	2
M34399B	3	4	3	4	3	4	2	10	1
M34411E	3	4	4	4	3	4	4	4	2
M34445Q	3	1	1	1	1	1	2	6	1
M34455S	3	9	10	9	10	10	10	2	2
M34464T	3	9	10	10	8	9	7	3	2
M34473U	3	9	10	10	8	9	7	3	2
M34476X	3	9	8	9	6	9	3	9	1
M34550Q	3	8	7	8	9	7	4	7	1
M34567Z	3	10	9	10	10	10	9	8	1
M34573X	3	7	7	8	7	6	7	2	3
M34576A	3	5	4	6	3	6	6	6	6
M34577B	3	2	3	2	3	1	2	2	1
M34585B	3	3	2	3	3	2	7	5	2
M34613N	3	2	2	2	2	2	2	9	2
M34614P	3	10	9	10	10	10	9	4	1
M34642T	3	4	4	6	5	1	2	5	1
M34643U	3	10	10	10	9	8	6	4	1
M34648Z	3	8	8	6	6	5	9	8	1
M34672Z	3	10	10	10	10	10	9	2	5
M34676D	3	7	8	10	9	8	6	1	5
M34678F	3	6	7	7	9	8	4	1	6
M34704Q	3	6	5	7	8	6	7	6	6
M34728Y	3	7	6	8	9	7	6	3	5
M34740U	3	4	5	4	4	5	8	2	2
M34758E	3	5	6	7	8	8	5	1	6
M34791F	3	5	4	5	5	4	3	3	2
M34812T	3	2	2	3	5	3	4	6	2
M34857G	3	6	5	6	5	6	8	8	2
M34862D	3	9	9	8	7	9	9	3	3
M34867J	3	7	5	7	6	6	7	7	3
M34875J	3	8	8	8	6	8	10	5	3
M34884K	3	5	6	6	5	7	7	1	6
M34887N	3	8	8	7	9	10	9	2	2
M34890H	3	6	7	6	7	9	8	1	5
M34910U	3	2	1	2	1	2	2	10	2
M34915Z	3	7	6	7	8	7	7	4	3
M34921X	3	7	7	6	7	7	6	5	6
M34928E	3	10	9	8	9	10	9	8	5
M34937F	3	2	2	2	3	1	3	5	1
M34961F	3	10	10	10	9	10	9	3	1
M34964J	3	6	6	6	4	7	8	3	2
M35032B	3	4	4	3	4	4	2	6	3
M35060F	3	5	5	5	6	3	7	7	2
M35065L	3	9	10	10	10	10	10	2	3
M35071J	3	1	1	1	1	1	1	7	1
M35072K	3	9	8	8	6	10	9	10	5
M35105B	3	5	6	6	4	5	6	3	2
M35131D	3	4	5	3	3	4	4	3	2
M35162L	3	10	10	9	10	10	8	3	1
M35176S	3	9	9	7	8	9	10	8	2
M35186U	3	7	6	6	5	9	5	9	2
M35188W	3	10	9	8	10	10	10	6	1
M35198Y	3	5	6	5	3	5	4	9	3
M35231G	3	10	10	10	10	10	10	8	1
M35248R	3	1	1	1	1	1	1	6	1
M35257S	3	1	1	1	1	1	1	10	1
M35259U	3	5	4	6	6	4	4	9	1
M35265S	3	6	7	7	7	9	2	1	6
M35269W	3	5	6	5	4	3	4	7	5
M35273S	3	7	8	6	7	8	9	2	5
M35294X	3	7	7	9	9	9	4	1	6
M35376Y	3	1	1	1	1	1	2	5	2
M35377Z	3	6	6	6	6	5	4	10	6
M35384Y	3	1	2	1	1	1	2	7	2
M35403J	3	3	3	3	5	1	4	5	3
M35404K	3	3	3	3	6	2	5	8	5
M35424P	3	1	1	2	2	1	3	4	1
M35449Y	3	4	5	4	5	4	7	1	5
M35489G	3	5	5	4	5	7	4	5	3
M35537X	3	7	5	7	9	4	10	5	2
M35577F	3	6	6	6	6	6	5	6	3
M35611Q	3	6	7	6	7	6	5	3	2
M35629A	3	9	10	8	9	8	7	3	3
M35644Z	3	6	5	7	8	6	7	6	6
M35670B	3	2	3	1	2	3	3	9	2
M35673E	3	4	5	4	5	4	7	1	5
M35700Q	3	9	8	8	8	8	9	6	5
M35713V	3	9	9	9	10	10	8	2	1
M35722W	3	7	9	8	7	8	8	1	5
M35732Y	3	8	8	8	7	7	7	4	5
M35740Y	3	1	1	1	1	1	3	4	1
M35743B	3	2	2	2	3	2	5	7	2
M35754E	3	5	4	5	7	5	9	3	2
M35761D	3	5	4	5	7	5	9	3	2
M35764G	3	2	4	2	2	4	3	3	2
M35789R	3	5	5	5	4	3	4	7	1
M35797R	3	8	8	9	9	7	7	2	5
M35803W	3	7	8	6	9	6	6	3	3
M35815A	3	9	10	9	9	6	10	3	1
M35820X	3	10	9	10	9	10	8	10	1
M35822Z	3	9	10	8	8	8	10	3	2
M35823A	3	2	2	3	1	1	3	4	2
M35828F	3	10	9	9	9	10	10	7	1
M35869Q	3	2	3	3	3	3	6	1	2
M35873L	3	8	8	9	8	8	7	3	2
