MCSID	FACTRY00	FIMDSCON	FIMDINCN	FIMDEMPN	FIMDHDDN	FIMDESTN	FIMDCRIN	FIMDLEDN	FINRURUR
M10016V	4	7	9	10	8	6	10	4	1
M10044Z	4	3	3	3	3	1	4	3	2
M10062B	4	5	5	7	7	5	10	4	1
M10068H	4	9	10	10	8	8	9	7	2
M10083G	4	6	6	7	4	7	8	6	1
M10113V	4	4	4	4	6	4	5	5	2
M10134A	4	9	9	10	5	9	6	10	2
M10146E	4	7	6	4	7	8	8	6	2
M10153D	4	4	3	4	9	4	10	6	1
M10171F	4	2	1	2	2	2	4	4	2
M10195P	4	3	4	3	5	3	7	1	1
M10246H	4	2	3	2	1	2	8	4	2
M10313B	4	1	2	2	1	1	1	3	2
M10349P	4	7	7	8	6	5	5	6	2
M10379V	4	5	3	4	5	6	1	8	2
M10436M	4	4	5	6	5	3	5	5	1
M10484V	4	5	4	5	6	4	2	9	2
M10492V	4	1	2	2	1	1	1	3	2
M10537R	4	1	1	1	1	1	1	1	2
M10541M	4	8	9	10	8	8	3	6	1
M10567X	4	5	4	5	6	4	7	5	1
M10603J	4	2	2	2	3	2	4	1	1
M10614M	4	6	6	5	3	6	8	7	2
M10617Q	4	4	4	5	7	4	7	5	1
M10620K	4	10	10	10	10	10	5	9	1
M10622M	4	3	2	4	6	3	6	6	2
M10639W	4	1	1	1	1	1	1	2	2
M10672X	4	7	7	7	6	8	7	9	1
M10675A	4	6	6	7	4	7	8	6	1
M10688F	4	3	3	4	10	2	9	3	1
M10728W	4	6	7	6	9	4	10	3	1
M10752W	4	2	2	1	2	3	3	1	2
M10762Y	4	2	3	3	4	2	8	2	1
M10781B	4	10	10	10	10	9	7	10	1
M10801N	4	4	5	5	6	4	9	4	1
M10809W	4	1	2	2	2	1	5	2	2
M10816V	4	3	5	3	5	2	7	4	1
M10819Y	4	8	8	9	10	7	9	6	1
M10843Y	4	10	10	9	8	10	8	10	1
M10882F	4	4	4	5	2	9	1	3	2
M10914W	4	1	1	1	1	1	1	1	2
M10958J	4	1	1	1	1	1	1	1	2
M10998S	4	9	10	10	8	8	9	7	2
M11006X	4	6	5	5	8	6	5	6	1
M11019C	4	3	4	3	6	3	7	1	1
M11077N	4	3	3	4	3	4	7	3	1
M11091L	4	5	6	6	6	8	4	5	1
M11167P	4	9	9	9	8	8	10	8	2
M11197V	4	9	10	10	8	8	9	7	2
M11220B	4	5	6	5	1	9	2	5	2
M11247N	4	4	3	4	9	4	10	6	1
M11293U	4	1	1	1	1	2	1	2	2
M11295W	4	4	4	5	7	4	7	5	1
M11335M	4	8	8	6	5	10	7	9	2
M11345P	4	5	3	3	4	7	5	8	2
M11356S	4	2	2	3	4	1	2	2	2
M11370Q	4	3	2	3	3	3	3	4	1
M11386Y	4	9	8	8	6	10	8	7	2
M11395Z	4	6	7	5	8	7	9	7	1
M11403G	4	1	1	1	1	2	4	1	2
M11422K	4	6	6	6	7	5	5	3	2
M11428R	4	3	4	3	2	4	2	4	2
M11466X	4	9	9	10	8	9	8	9	2
M11486B	4	4	4	5	8	4	9	4	1
M11505M	4	10	10	10	10	10	3	10	2
M11747D	4	9	9	8	10	9	7	10	2
M11753B	4	5	5	4	2	6	3	4	2
M11763D	4	10	9	9	10	9	7	10	2
M11774G	4	6	5	6	6	8	1	8	2
M11789P	4	3	2	4	6	3	6	6	2
M11805W	4	10	10	9	8	10	8	10	1
M11816Z	4	3	5	3	2	2	6	6	2
M11845E	4	6	6	5	6	5	9	4	1
M11889S	4	8	8	8	9	7	10	9	1
M11949M	4	2	2	2	3	2	6	4	2
M11983P	4	5	5	4	7	3	5	6	2
M11994S	4	3	3	4	4	4	3	2	2
M12039L	4	2	1	2	2	2	4	4	2
M12099Y	4	4	3	5	9	3	3	7	2
M12163P	4	1	1	1	1	2	4	2	2
M12165R	4	2	3	2	1	2	8	4	2
M12166S	4	10	9	9	9	9	5	9	2
M12178W	4	7	7	8	8	7	5	5	1
M12199B	4	4	5	4	7	3	9	4	1
M12223J	4	7	8	6	4	6	9	10	1
M12234M	4	5	6	6	6	8	4	5	1
M12240K	4	8	9	9	8	7	8	5	1
M12271S	4	5	4	5	8	6	10	4	1
M12272T	4	9	9	8	10	9	7	10	2
M12293Y	4	1	1	1	2	1	9	2	2
M12386C	4	6	6	7	4	7	8	6	1
M12402K	4	9	9	10	5	8	3	6	2
M12461W	4	5	7	6	4	5	10	4	1
M12464Z	4	3	3	3	4	3	9	5	1
M12480Z	4	10	10	9	8	10	8	10	1
M12547B	4	10	9	9	10	10	5	10	2
M12567F	4	9	10	10	8	8	9	7	2
M12584G	4	9	8	8	8	8	9	6	1
M12608X	4	3	3	4	10	2	9	3	1
M12612T	4	10	10	10	9	10	6	10	2
M12653C	4	4	3	3	4	6	10	6	1
M12657G	4	10	10	10	6	9	9	10	2
M12679N	4	2	2	2	2	3	1	2	2
M12707Z	4	4	3	3	4	6	10	6	1
M12720W	4	1	1	2	1	1	6	1	2
M12731Z	4	1	1	1	1	1	1	1	2
M12732A	4	9	10	9	8	9	9	8	2
M12750C	4	7	7	6	3	7	4	7	2
M12756J	4	6	6	6	7	5	5	3	2
M12762G	4	10	10	9	9	8	7	9	2
M12769P	4	4	5	6	5	3	5	5	1
M12778Q	4	7	7	7	8	7	7	8	1
M12817E	4	2	1	3	1	2	2	1	2
M12886T	4	5	7	5	4	7	9	4	1
M12914E	4	1	2	1	2	2	3	3	2
M12916G	4	6	6	5	5	5	8	8	2
M12919K	4	1	1	1	2	3	6	2	2
M12928L	4	2	2	4	5	4	10	1	1
M12962N	4	10	10	10	7	10	8	10	2
M13005E	4	2	2	4	5	4	10	1	1
M13017J	4	3	3	4	5	3	5	5	1
M13019L	4	6	7	6	9	4	10	3	1
M13021E	4	5	4	5	4	5	2	7	2
M13032H	4	6	7	6	10	4	10	5	1
M13126N	4	9	8	9	10	6	6	5	2
M13144Q	4	10	10	9	8	10	8	10	1
M13179B	4	7	7	7	8	7	7	8	1
M13195B	4	4	5	4	7	3	9	4	1
M13240P	4	9	8	8	6	10	8	7	2
M13252T	4	8	8	9	10	7	9	6	1
M13284B	4	3	3	4	4	4	3	2	2
M13289G	4	3	3	4	2	3	3	7	2
M13296F	4	5	6	5	4	3	6	3	2
M13298H	4	10	10	10	10	9	7	10	1
M13305P	4	3	3	4	10	2	9	3	1
M13324S	4	2	3	3	4	2	8	2	1
M13329X	4	8	8	9	10	7	9	6	1
M13336W	4	8	7	7	10	7	10	6	1
M13340S	4	5	6	6	6	8	4	5	1
M13344W	4	2	1	2	2	2	4	4	2
M13350U	4	9	10	10	4	10	3	3	2
M13353X	4	10	9	9	10	10	5	10	2
M13388J	4	3	3	4	5	3	5	5	1
M13395H	4	3	3	2	4	2	5	4	2
M13422T	4	2	2	2	2	2	4	2	2
M13441W	4	5	7	5	4	7	9	4	1
M13451Y	4	4	3	3	2	5	4	7	2
M13452Z	4	9	8	8	9	8	5	9	2
M13466F	4	2	2	1	1	3	4	2	2
M13474F	4	1	1	2	5	2	2	2	2
M13533Z	4	8	8	9	10	7	9	6	1
M13561D	4	3	4	3	6	3	7	1	1
M13598S	4	2	2	4	5	4	10	1	1
M13615A	4	1	2	2	1	1	1	3	2
M13644F	4	6	8	6	5	8	3	4	2
M13645G	4	7	7	7	8	7	7	8	1
M13649L	4	5	6	6	3	5	5	1	2
M13653G	4	8	8	9	10	7	9	6	1
M13690M	4	9	9	10	8	9	9	9	2
M13732E	4	6	5	6	6	8	1	8	2
M13738L	4	10	10	10	10	10	10	10	2
M13769T	4	1	2	2	1	1	1	2	2
M13780N	4	5	6	6	1	9	1	3	2
M13781P	4	6	6	7	4	7	8	6	1
M13816H	4	10	9	10	10	10	7	10	2
M13823G	4	3	3	2	4	2	5	4	2
M13844M	4	4	4	3	6	3	8	4	1
M13858T	4	3	4	4	2	2	1	6	2
M13944Q	4	1	2	2	2	1	5	2	2
M13987B	4	10	10	9	10	9	9	10	2
M13988C	4	1	1	1	1	1	1	1	2
M14026P	4	2	1	1	2	2	4	2	2
M14052R	4	5	4	6	7	5	5	5	1
M14073W	4	9	10	10	8	8	9	7	2
M14083Y	4	5	6	6	9	3	7	2	1
M14198J	4	5	4	6	7	5	5	5	1
M14199K	4	9	8	8	6	10	8	7	2
M14238Z	4	3	2	4	5	3	5	3	1
M14242V	4	1	2	2	2	1	5	2	2
M14244X	4	5	7	5	4	7	9	4	1
M14247A	4	6	7	7	10	5	10	5	1
M14271A	4	6	6	6	5	7	10	6	1
M14278H	4	9	10	9	8	9	9	8	2
M14286H	4	5	4	6	7	5	5	5	1
M14301P	4	9	10	10	10	10	8	8	1
M14302Q	4	5	5	7	7	5	10	4	1
M14318Y	4	8	9	8	3	9	2	9	2
M14334Y	4	6	5	6	6	8	1	8	2
M14336A	4	2	2	3	4	1	2	2	2
M14440Z	4	10	10	10	8	10	3	9	2
M14444D	4	1	1	1	1	2	4	2	2
M14451C	4	6	6	5	6	5	9	4	1
M14455G	4	2	2	2	2	2	4	2	2
M14490K	4	3	3	4	10	2	9	3	1
M14499U	4	2	2	3	4	1	2	2	2
M14511X	4	7	7	7	8	7	7	8	1
M14535F	4	9	8	7	6	8	5	10	2
M14551F	4	1	1	1	1	1	3	1	2
M14568Q	4	9	9	9	8	9	6	10	1
M14569R	4	7	5	7	8	5	8	8	2
M14587T	4	10	9	9	9	5	9	8	2
M14623E	4	7	7	7	4	5	4	5	2
M14635J	4	3	4	3	5	3	7	1	1
M14639N	4	4	3	4	9	4	10	6	1
M14648P	4	9	8	8	6	10	8	7	2
M14670M	4	7	7	7	8	7	10	8	1
M14683S	4	9	8	8	6	10	8	7	2
M14686V	4	2	2	3	4	1	2	2	2
M14703D	4	2	2	2	2	2	4	2	2
M14712E	4	10	10	10	9	10	9	10	2
M14728N	4	1	2	2	1	1	1	2	2
M14797B	4	8	8	6	5	10	7	9	2
M14823L	4	4	4	5	7	4	7	5	1
M14833N	4	9	8	8	6	10	8	7	2
M14842P	4	4	4	5	2	9	1	3	2
M14899G	4	6	7	7	4	9	1	4	2
M14917R	4	5	4	6	7	5	5	5	1
M14970W	4	9	9	9	7	9	7	8	1
M14990A	4	7	7	7	8	7	7	10	1
M15000H	4	4	3	5	9	3	3	7	2
M15071Y	4	2	1	2	2	2	4	4	2
M15137Z	4	4	5	5	6	4	9	4	1
M15184G	4	5	6	4	5	8	2	7	2
M15188L	4	6	5	6	6	8	1	8	2
M15201Q	4	9	8	8	6	10	8	7	2
M15224X	4	9	9	9	7	9	5	10	1
M15237C	4	4	4	4	2	8	1	5	2
M15262D	4	5	4	6	7	4	10	3	1
M15317B	4	10	10	9	8	10	8	10	1
M15395R	4	1	1	2	1	1	6	1	2
M15424D	4	9	10	9	8	9	9	8	2
M15445J	4	1	1	1	1	2	2	1	2
M15447L	4	5	6	6	3	9	1	4	2
M15463L	4	1	2	2	1	1	1	2	2
M15471L	4	3	3	3	3	2	7	6	2
M15521D	4	3	4	3	3	3	5	3	1
M15523F	4	4	4	3	3	3	6	5	2
M15534J	4	6	6	5	6	5	9	4	1
M15560L	4	1	1	1	2	3	6	2	2
M15575T	4	9	10	9	10	7	8	10	2
M15589Z	4	3	4	3	6	3	7	1	1
M15591T	4	8	8	7	8	7	6	8	2
M15600B	4	6	6	6	8	7	9	2	1
M15604F	4	8	8	8	9	7	10	9	1
M15605G	4	2	2	4	5	4	10	1	1
M15671S	4	3	3	4	10	2	9	3	1
M15676X	4	4	3	3	4	6	10	6	1
M15682V	4	2	1	1	2	2	4	2	2
M15695A	4	1	1	1	1	3	6	2	2
M15704J	4	3	3	3	5	2	5	3	1
M15730L	4	8	10	10	6	8	8	7	1
M15739V	4	3	5	3	2	2	6	6	2
M15753T	4	7	6	7	9	5	5	5	2
M15782Y	4	4	4	5	7	4	7	5	1
M15792A	4	2	2	3	4	1	2	2	2
M15805N	4	8	9	9	4	10	1	5	2
M15855Y	4	2	2	3	4	1	2	2	2
M15868D	4	2	2	2	4	3	6	2	1
M15918W	4	8	8	8	7	9	8	7	1
M15940U	4	3	5	3	2	2	6	6	2
M15984G	4	8	8	8	9	7	10	9	1
M16016V	4	7	7	6	6	6	6	7	2
M16019Y	4	6	5	7	9	5	10	3	1
M16025W	4	2	2	2	2	4	2	3	2
M16030T	4	2	2	2	2	1	1	3	2
M16061A	4	2	3	3	3	2	3	1	2
M16070B	4	4	5	5	6	4	9	4	1
M16085J	4	2	2	1	2	3	3	1	2
M16108Y	4	10	10	10	9	10	3	8	2
M16128C	4	10	10	10	9	10	9	10	2
M16137D	4	2	2	4	5	4	10	1	1
M16163F	4	3	3	4	10	2	9	3	1
M16168L	4	2	2	2	2	2	4	2	2
M16171F	4	1	1	1	1	1	1	1	2
M16176L	4	8	8	9	10	7	9	6	1
M16187P	4	4	5	4	4	2	2	2	2
M16272K	4	1	1	1	2	3	6	2	2
M16288T	4	4	4	4	6	4	5	5	2
M16296T	4	7	7	7	8	7	7	8	1
M16311Z	4	10	9	9	10	9	7	10	2
M16352J	4	4	4	4	9	4	10	6	1
M16406F	4	6	6	5	3	6	8	7	2
M16422F	4	10	9	9	10	10	5	10	2
M16426K	4	3	3	2	3	6	2	4	2
M16442K	4	5	7	5	4	7	9	4	1
M16509M	4	3	4	3	4	2	3	3	2
M16535P	4	5	4	5	6	4	2	9	2
M16548U	4	10	10	10	7	10	8	10	2
M16608P	4	6	6	6	5	7	10	6	1
M16662V	4	2	2	4	5	4	10	1	1
M16671W	4	3	2	2	4	3	3	1	2
M16672X	4	5	7	5	4	7	9	4	1
M16674Z	4	5	5	7	7	5	10	4	1
M16698H	4	3	3	4	4	2	2	1	2
M16766C	4	4	3	4	9	4	10	6	1
M16844Z	4	2	3	2	4	6	1	1	2
M16865E	4	7	7	7	8	7	7	8	1
M16906W	4	5	5	7	7	5	10	4	1
M16922W	4	6	7	6	9	4	10	3	1
M16923X	4	7	7	7	8	7	7	8	1
M16946E	4	4	3	3	10	3	4	5	2
M16969M	4	1	1	1	1	1	1	1	2
M17001S	4	2	2	1	1	3	4	2	2
M17004V	4	7	7	7	8	7	7	8	1
M17039G	4	6	6	7	4	7	8	6	1
M17121Z	4	5	6	5	6	6	8	6	1
M17142E	4	2	1	2	2	2	4	4	2
M17160G	4	8	8	8	4	10	2	5	2
M17163K	4	6	6	9	2	7	1	3	2
M17173M	4	6	6	5	3	6	8	7	2
M17202Z	4	8	8	8	4	10	2	5	2
M17214D	4	2	1	2	3	1	3	5	2
M17234H	4	2	1	3	1	2	2	1	2
M17238M	4	2	2	2	1	5	1	3	2
M17259S	4	2	2	2	2	1	1	3	2
M17266R	4	2	2	4	5	4	10	1	1
M17284T	4	5	5	7	7	5	10	4	1
M17322G	4	2	3	3	4	2	8	2	1
M17345P	4	10	9	9	10	10	5	10	2
M17351M	4	10	9	9	10	10	5	10	2
M17359V	4	2	2	2	6	3	10	8	1
M17364S	4	1	1	1	1	2	4	2	2
M17370Q	4	4	4	5	7	4	7	5	1
M17428R	4	3	3	3	3	3	1	8	2
M17446T	4	6	6	6	5	7	10	6	1
M17473W	4	2	2	2	3	1	9	2	2
M17507P	4	8	9	9	4	10	1	5	2
M17518S	4	4	5	5	6	4	9	4	1
M17527T	4	6	6	5	9	6	10	4	1
M17548Y	4	10	10	10	10	10	9	10	2
M17554W	4	7	7	8	5	7	6	7	1
M17614R	4	7	7	8	5	7	6	7	1
M17669G	4	10	9	9	10	10	5	10	2
M17700N	4	10	10	10	6	10	10	9	2
M17713T	4	10	10	10	9	10	9	10	2
M17722U	4	5	6	5	6	6	8	6	1
M17724W	4	2	2	2	2	2	2	2	2
M17785K	4	4	5	5	6	4	9	4	1
M17812V	4	10	10	10	10	10	7	10	1
M17828D	4	3	4	3	6	3	7	1	1
M17830X	4	9	9	8	10	8	10	8	1
M17841A	4	7	6	7	9	5	5	5	2
M17843C	4	3	3	2	3	6	2	4	2
M17861E	4	3	3	3	5	2	5	3	1
M17868M	4	1	1	1	1	1	1	1	2
M17880H	4	9	9	7	8	7	9	7	2
M17897S	4	1	1	1	1	4	1	1	2
M17941D	4	7	6	7	9	7	10	7	1
M17959P	4	1	2	2	1	1	1	3	2
M17991P	4	1	1	1	1	1	1	2	2
M18005A	4	2	3	3	4	2	8	2	1
M18044H	4	5	6	5	4	9	3	3	2
M18051G	4	3	2	3	9	3	10	2	1
M18062K	4	2	1	2	3	1	3	5	2
M18072M	4	3	4	3	4	3	9	5	1
M18087U	4	3	4	3	6	3	7	1	1
M18089W	4	6	6	7	4	7	8	6	1
M18101Z	4	4	4	5	2	9	1	3	2
M18111B	4	8	9	9	4	10	1	5	2
M18114E	4	8	8	6	5	10	7	9	2
M18124G	4	2	2	2	3	2	6	4	2
M18150J	4	3	3	3	5	2	5	3	1
M18203E	4	5	4	6	7	5	5	5	1
M18215J	4	8	8	8	9	7	10	9	1
M18218M	4	2	1	3	4	2	3	3	2
M18285Y	4	5	5	7	7	5	10	4	1
M18295A	4	2	3	3	4	2	8	2	1
M18328S	4	4	4	4	6	4	5	5	2
M18386C	4	8	8	6	5	10	7	9	2
M18419U	4	5	4	6	7	5	5	5	1
M18428V	4	5	5	4	7	3	5	6	2
M18429W	4	1	1	2	1	1	6	1	2
M18433S	4	3	3	4	10	2	9	3	1
M18434T	4	2	2	4	5	4	10	1	1
M18439Y	4	3	3	2	4	2	5	4	2
M18463Y	4	5	4	6	7	5	5	5	1
M18505R	4	1	1	1	1	1	3	1	2
M18524U	4	7	7	8	6	5	5	6	2
M18529Z	4	3	2	4	5	3	5	3	1
M18532U	4	3	3	2	4	2	5	4	2
M18541V	4	2	1	2	3	1	3	5	2
M18560Y	4	8	8	8	9	7	10	9	1
M18573D	4	2	2	2	2	3	1	2	2
M18591F	4	3	4	4	2	4	5	2	2
M18626Z	4	4	3	3	4	6	10	6	1
M18658H	4	3	3	4	4	3	8	1	1
M18711V	4	4	3	4	9	4	10	6	1
M18717B	4	5	6	6	6	8	4	5	1
M18719D	4	2	1	1	2	2	4	2	2
M18723Z	4	3	2	4	6	3	6	6	2
M18727D	4	6	7	7	4	9	1	4	2
M18788S	4	1	1	1	1	2	4	1	2
M18828H	4	3	2	4	6	3	6	6	2
M18889W	4	2	1	3	1	2	2	1	2
M18912C	4	4	5	6	5	3	5	5	1
M18920C	4	3	3	4	10	2	9	3	1
M18940G	4	4	3	4	9	4	10	6	1
M18974S	4	10	10	10	10	9	6	10	2
M18996Y	4	6	8	7	10	5	10	6	1
M18997Z	4	10	10	10	10	9	7	10	1
M19001A	4	3	3	4	10	2	9	3	1
M19011C	4	8	8	9	10	7	9	6	1
M19024H	4	3	3	4	10	2	9	3	1
M19029N	4	9	9	9	6	10	7	7	2
M19054P	4	6	7	6	9	4	10	3	1
M19067U	4	8	9	8	8	7	10	4	1
M19090T	4	4	3	4	9	4	10	6	1
M19100C	4	1	2	1	1	3	2	2	2
M19108L	4	10	10	10	10	10	3	10	2
M19152Q	4	9	8	8	6	10	8	7	2
M19155T	4	1	1	1	1	2	4	2	2
M19167X	4	10	10	10	10	10	5	8	2
M19169Z	4	6	5	6	6	8	1	8	2
M19197D	4	3	3	3	3	1	4	3	2
M19221L	4	5	5	5	5	4	1	5	2
M19226R	4	2	1	3	4	2	3	3	2
M19267A	4	9	10	9	8	9	9	8	2
M19313P	4	6	7	5	8	7	9	7	1
M19318U	4	4	4	5	7	4	7	5	1
M19353X	4	2	2	2	3	1	4	2	2
M19355Z	4	1	2	2	3	2	8	1	1
M19369F	4	4	5	6	5	3	5	5	1
M19375D	4	10	10	10	9	10	10	10	2
M19378G	4	8	9	8	7	7	8	9	1
M19424V	4	1	1	1	1	2	4	1	2
M19492H	4	2	1	2	2	2	4	4	2
M19533Z	4	3	4	3	6	3	7	1	1
M19560C	4	9	9	9	8	9	6	10	1
M19565H	4	2	1	2	3	1	3	5	2
M19570E	4	6	6	6	8	3	9	5	2
M19593M	4	8	8	7	8	6	8	9	2
M19637G	4	4	5	6	5	3	5	5	1
M19644F	4	9	9	9	8	8	10	8	2
M19660F	4	4	4	4	2	8	1	5	2
M19680K	4	10	10	10	10	9	8	10	2
M19684P	4	2	3	3	4	2	8	2	1
M19688T	4	8	7	9	9	8	2	7	2
M19695S	4	3	4	5	1	3	3	5	2
M19709F	4	9	9	9	10	10	4	10	1
M19715D	4	9	9	9	10	10	4	10	1
M19729K	4	5	6	5	6	6	8	6	1
M19797X	4	5	4	6	7	5	5	5	1
M19846P	4	1	1	1	1	1	1	2	2
M19897A	4	10	9	9	10	9	7	10	2
M19926N	4	2	3	2	2	4	2	5	2
M20046G	4	8	8	7	8	6	8	9	2
M20121A	4	6	6	7	4	7	8	6	1
M20123C	4	1	2	1	1	1	1	1	2
M20124D	4	10	10	10	10	10	5	8	2
M20145J	4	8	8	9	10	7	9	6	1
M20147L	4	7	6	6	4	7	6	6	2
M20159Q	4	9	8	8	6	10	8	7	2
M20177S	4	9	9	9	8	9	6	10	1
M20258S	4	1	1	1	2	1	7	2	2
M20309L	4	4	4	4	2	8	1	5	2
M20414L	4	5	5	5	7	6	9	5	1
M20500H	4	1	1	1	2	3	6	2	2
M20523Q	4	7	5	7	8	5	8	8	2
M20549A	4	5	5	4	7	3	5	6	2
M20562X	4	1	2	2	1	1	1	3	2
M20569E	4	2	1	2	3	1	3	5	2
M20578F	4	7	6	7	6	8	1	7	2
M20599L	4	6	6	6	5	7	10	6	1
M20656C	4	1	1	1	1	1	1	2	2
M20663B	4	3	5	3	2	2	6	6	2
M20693H	4	7	6	6	10	6	10	6	1
M20697M	4	6	6	7	5	5	4	7	1
M20702R	4	9	9	9	8	9	6	10	1
M20704T	4	8	7	9	9	8	2	7	2
M20707W	4	8	8	9	10	7	9	6	1
M20759J	4	1	2	1	1	3	2	2	2
M20829F	4	2	3	2	4	6	1	1	2
M20871H	4	9	8	9	10	6	6	5	2
M20878Q	4	4	5	5	6	4	8	4	1
M20885P	4	7	7	7	9	8	5	8	1
M20886Q	4	3	3	4	10	2	9	3	1
M20913A	4	4	4	4	2	8	1	5	2
M20923C	4	3	3	3	3	1	4	3	2
M20981N	4	2	3	3	3	2	3	1	2
M20991Q	4	7	6	6	10	6	10	6	1
M21008E	4	1	1	1	1	1	6	1	2
M21045K	4	2	3	3	4	2	8	2	1
M21057P	4	9	10	9	8	9	9	8	2
M21150K	4	10	9	9	10	10	5	10	2
M21154P	4	8	8	8	9	10	1	3	2
M21175U	4	9	9	9	6	10	7	7	2
M21184V	4	3	4	2	4	2	3	3	2
M21192V	4	8	8	9	10	7	9	6	1
M21216L	4	7	6	6	4	7	10	5	2
M21228Q	4	4	3	4	9	4	10	6	1
M21233M	4	2	3	3	4	2	8	2	1
M21250N	4	3	3	2	4	4	3	3	2
M21251P	4	4	4	5	7	4	7	5	1
M21267X	4	10	10	10	8	10	5	10	2
M21363W	4	10	10	10	10	9	7	10	1
M21395E	4	6	6	6	5	7	10	6	1
M21403M	4	1	1	1	2	2	2	5	2
M21406Q	4	6	5	6	6	8	1	8	2
M21514T	4	5	6	5	6	6	8	6	1
M21515U	4	10	10	10	7	10	6	7	2
M21527Y	4	3	4	3	6	3	7	1	1
M21546B	4	7	7	7	8	7	10	8	1
M21560Z	4	3	4	3	5	3	7	1	1
M21571C	4	3	4	3	6	3	7	1	1
M21646E	4	5	4	6	7	4	10	3	1
M21650A	4	8	8	6	5	10	7	9	2
M21675K	4	2	2	2	4	3	6	2	1
M21677M	4	5	6	5	4	9	3	3	2
M21703W	4	5	6	5	6	6	8	6	1
M21712X	4	2	2	4	5	4	10	1	1
M21726D	4	4	5	4	7	3	9	4	1
M21735E	4	3	3	2	3	4	4	5	2
M21755J	4	1	1	1	1	1	5	1	2
M21768P	4	7	6	7	9	5	5	5	2
M21778R	4	1	1	1	1	2	2	1	2
M21811Z	4	4	4	4	2	8	1	5	2
M21819H	4	6	6	7	4	7	8	6	1
M21821B	4	3	2	4	5	3	5	3	1
M21824E	4	4	3	3	4	6	10	6	1
M21829K	4	4	3	4	9	4	10	6	1
M21847M	4	7	9	8	5	6	9	9	1
M21865P	4	10	10	10	7	10	8	10	2
M21895V	4	5	5	4	7	3	5	6	2
M21898Y	4	8	8	8	4	10	2	5	2
M21901A	4	6	6	5	9	6	10	4	1
M21928M	4	3	3	2	3	4	4	5	2
M21933J	4	2	3	2	6	1	6	1	2
M21939Q	4	4	5	5	6	4	8	4	1
M21953N	4	10	10	10	8	10	3	7	2
M21990T	4	3	3	2	4	7	10	7	1
M22036N	4	5	4	6	7	5	5	5	1
M22040J	4	3	2	4	6	3	6	6	2
M22091V	4	2	2	2	4	3	6	2	1
M22104H	4	6	6	6	7	5	5	3	2
M22117N	4	4	4	5	2	9	1	3	2
M22129S	4	3	4	3	3	3	5	3	1
M22132M	4	7	7	7	8	7	7	8	1
M22136R	4	4	5	6	5	3	5	5	1
M22143Q	4	5	4	6	7	5	5	5	1
M22145S	4	5	4	5	4	6	4	4	2
M22173W	4	10	10	10	10	9	9	10	2
M22235T	4	9	9	9	6	10	7	7	2
M22239X	4	5	3	4	7	7	2	9	2
M22255X	4	10	10	9	8	10	8	10	1
M22281Z	4	10	9	9	10	9	10	8	1
M22284C	4	1	2	2	1	1	1	3	2
M22309U	4	8	8	8	9	7	10	9	1
M22349C	4	4	4	4	2	8	1	5	2
M22388K	4	1	1	1	1	2	4	2	2
M22433X	4	10	9	9	10	10	9	10	2
M22462C	4	5	6	5	6	6	8	6	1
M22473F	4	2	2	2	2	3	2	4	2
M22495M	4	10	10	10	6	10	6	9	2
M22544D	4	7	9	8	5	6	9	9	1
M22548H	4	8	8	8	8	6	8	8	2
M22563G	4	2	3	2	6	1	6	1	2
M22572H	4	8	8	8	9	10	1	3	2
M22588R	4	6	7	5	8	7	9	7	1
M22610W	4	10	10	10	9	9	9	9	2
M22623B	4	5	3	3	4	7	5	8	2
M22692Q	4	5	6	5	10	4	10	2	1
M22761L	4	9	9	7	8	7	9	7	2
M22797Y	4	4	5	5	2	5	9	5	1
M22851M	4	9	10	9	8	9	9	8	2
M22857T	4	6	7	7	4	9	1	4	2
M22876W	4	2	2	2	2	1	1	3	2
M22928R	4	3	2	4	5	3	5	3	1
M22952R	4	1	1	2	1	1	6	1	2
M22960R	4	2	2	3	4	1	2	2	2
M23015M	4	6	7	7	4	9	1	4	2
M23045T	4	3	2	4	3	6	5	3	2
M23061T	4	9	9	9	10	8	7	7	1
M23089F	4	6	5	6	6	8	1	8	2
M23110K	4	8	8	7	8	6	8	9	2
M23199L	4	3	3	4	4	3	8	1	1
M23230S	4	9	9	8	6	8	9	10	1
M23265D	4	8	8	8	4	10	2	5	2
M23320T	4	1	1	1	1	4	1	1	2
M23329C	4	2	2	2	4	3	6	2	1
M23335A	4	2	1	1	1	2	3	3	2
M23354D	4	5	7	5	4	7	9	4	1
M23394M	4	3	3	2	4	2	5	4	2
M23411V	4	8	7	9	9	8	2	7	2
M23425B	4	3	5	3	2	2	6	6	2
M23443D	4	3	5	3	2	2	6	6	2
M23471H	4	5	6	7	1	5	3	4	2
M23480J	4	5	6	5	6	6	8	6	1
M23492N	4	9	8	9	10	6	6	5	2
M23546K	4	6	7	6	9	4	10	3	1
M23611B	4	10	10	9	10	9	9	10	2
M23621D	4	2	2	2	1	5	1	3	2
M23638N	4	2	2	2	4	3	6	2	1
M23671P	4	4	4	3	4	5	4	3	2
M23714H	4	9	9	9	8	9	6	10	1
M23751N	4	1	1	1	2	3	6	2	2
M23827R	4	8	9	10	8	8	3	6	1
M23843R	4	2	3	3	4	2	8	2	1
M23869B	4	9	9	7	8	7	9	7	2
M23895D	4	10	9	9	10	9	7	10	2
M23907Q	4	4	5	5	2	5	9	5	1
M23922P	4	2	1	1	5	2	4	2	1
M23934T	4	7	7	6	4	7	7	3	2
M23993E	4	9	9	9	7	9	5	10	1
M24001K	4	2	3	3	4	2	8	2	1
M24046Y	4	9	9	9	6	10	7	7	2
M24057B	4	9	10	9	10	7	8	10	2
M24109W	4	1	2	1	1	1	1	1	2
M24138B	4	9	9	10	5	9	6	10	2
M24149E	4	4	5	5	6	4	9	4	1
M24223X	4	4	4	5	7	4	7	5	1
M24283K	4	3	3	3	5	4	1	4	2
M24306Z	4	4	3	3	2	5	4	7	2
M24311W	4	6	6	7	4	7	8	6	1
M24314Z	4	3	5	3	5	2	7	4	1
M24315A	4	8	8	9	10	7	9	6	1
M24323A	4	6	6	7	4	7	8	6	1
M24328F	4	3	3	3	3	2	7	6	2
M24342D	4	2	2	2	2	1	1	3	2
M24366M	4	2	2	3	4	1	2	2	2
M24378R	4	1	1	1	1	2	2	1	2
M24405B	4	3	3	3	5	4	1	4	2
M24429K	4	6	6	6	5	7	10	6	1
M24435H	4	10	10	10	9	9	9	9	2
M24436J	4	9	9	9	10	7	6	10	2
M24442G	4	6	6	7	4	7	8	6	1
M24443H	4	1	1	1	1	1	2	2	2
M24450G	4	6	7	6	2	7	5	8	2
M24456N	4	3	5	3	5	2	7	4	1
M24470L	4	6	5	7	9	5	10	3	1
M24497X	4	4	4	6	9	6	10	3	1
M24516H	4	4	4	4	2	8	1	5	2
M24532H	4	3	3	3	4	3	9	5	1
M24539Q	4	1	2	1	1	3	2	2	2
M24543L	4	4	5	6	5	3	5	5	1
M24553N	4	6	6	7	4	7	8	6	1
M24606J	4	9	10	9	10	7	8	10	2
M24618N	4	8	9	9	4	10	1	5	2
M24626N	4	8	8	8	9	7	10	9	1
M24637R	4	10	10	10	9	8	9	10	2
M24666W	4	7	9	10	2	10	1	4	2
M24684Y	4	8	8	8	7	6	5	9	2
M24704K	4	5	5	4	7	3	5	6	2
M24713L	4	3	3	4	10	2	9	3	1
M24721L	4	10	10	10	9	10	10	10	2
M24763W	4	8	7	8	5	8	5	9	2
M24768B	4	2	2	2	3	2	4	1	1
M24809T	4	2	2	3	4	1	2	2	2
M24814Q	4	2	3	2	2	4	2	5	2
M24823R	4	1	1	1	1	2	2	1	2
M24850U	4	6	5	5	5	7	9	7	1
M24855Z	4	10	10	9	8	10	8	10	1
M24865B	4	4	3	3	4	6	10	6	1
M24900M	4	2	2	2	2	2	4	2	2
M24906T	4	9	10	9	10	7	8	10	2
M24910P	4	7	5	7	8	5	8	8	2
M24912R	4	5	5	5	7	4	10	4	1
M24942X	4	3	5	3	5	2	7	4	1
M24957E	4	2	2	2	3	1	3	3	2
M24975G	4	7	7	8	6	4	7	7	2
M24984H	4	5	5	4	2	6	3	4	2
M24990F	4	1	2	2	1	1	1	2	2
M25025X	4	2	2	2	1	5	1	3	2
M25062C	4	10	10	9	8	10	8	10	1
M25117A	4	2	2	3	4	1	2	2	2
M25119C	4	2	2	2	3	2	4	1	1
M25124Z	4	9	10	9	9	6	7	9	1
M25141A	4	4	3	3	4	6	10	6	1
M25163G	4	6	6	6	5	7	10	6	1
M25166K	4	6	7	5	8	7	9	7	1
M25200U	4	5	5	7	7	5	10	4	1
M25201V	4	5	5	7	8	6	9	4	1
M25202W	4	3	3	4	10	2	9	3	1
M25203X	4	6	6	7	5	3	7	4	1
M25247K	4	5	5	6	8	6	10	3	1
M25249M	4	5	3	4	5	6	1	8	2
M25282N	4	4	5	5	6	4	9	4	1
M25283P	4	5	4	5	4	6	4	4	2
M25317G	4	3	2	3	3	3	3	4	1
M25319J	4	2	2	1	2	2	4	6	2
M25364P	4	5	4	5	6	4	3	2	2
M25384T	4	7	6	6	4	7	10	5	2
M25390R	4	3	5	3	2	2	6	6	2
M25404E	4	2	2	2	4	3	6	2	1
M25429P	4	10	9	9	10	10	5	10	2
M25439R	4	10	10	10	10	9	7	10	1
M25441K	4	2	2	1	1	3	4	2	2
M25444N	4	9	10	10	8	8	9	7	2
M25463R	4	6	5	6	6	8	1	8	2
M25464S	4	8	8	7	8	6	8	9	2
M25483V	4	10	10	9	10	9	9	10	2
M25496A	4	9	8	8	6	9	7	9	1
M25509N	4	9	8	9	8	9	5	4	2
M25515L	4	7	9	10	8	6	10	4	1
M25552R	4	7	5	7	8	5	8	8	2
M25555U	4	7	9	9	8	8	4	8	1
M25574X	4	4	3	2	3	10	2	8	2
M25584Z	4	9	8	8	6	10	8	7	2
M25585A	4	3	4	4	2	4	5	2	2
M25612L	4	3	5	3	5	2	7	4	1
M25627T	4	2	2	3	3	1	1	2	2
M25632Q	4	7	8	8	7	7	9	5	1
M25697H	4	9	9	9	6	10	7	7	2
M25761Y	4	5	4	6	7	5	5	5	1
M25851Z	4	5	6	4	5	3	8	6	2
M25871D	4	8	8	6	5	10	7	9	2
M25878L	4	1	1	1	1	1	1	1	2
M25884J	4	5	6	5	4	9	3	3	2
M25911U	4	4	3	4	9	4	10	6	1
M25963G	4	10	10	9	8	10	8	10	1
M26004W	4	7	7	7	7	5	2	8	2
M26008A	4	1	1	2	5	2	2	2	2
M26057K	4	9	8	8	6	10	8	7	2
M26063H	4	2	2	1	2	2	4	6	2
M26077P	4	4	4	5	3	2	7	3	2
M26098U	4	4	5	6	5	3	5	5	1
M26112Z	4	2	2	2	1	1	5	3	2
M26132D	4	1	1	1	1	1	2	1	2
M26149N	4	6	8	8	8	7	8	8	1
M26157N	4	1	1	1	2	2	2	5	2
M26201Z	4	1	2	1	1	3	2	2	2
M26220C	4	2	1	3	4	2	3	3	2
M26225H	4	8	8	8	10	8	6	7	1
M26255P	4	6	6	7	4	7	8	6	1
M26269V	4	9	9	7	8	7	9	7	2
M26355S	4	9	9	9	6	10	7	7	2
M26419R	4	1	1	1	1	1	3	1	2
M26420J	4	2	2	2	1	5	1	3	2
M26422L	4	1	1	2	5	2	2	2	2
M26450Q	4	9	10	9	7	9	6	8	1
M26486C	4	5	6	6	6	8	4	5	1
M26497F	4	1	1	1	1	1	6	1	2
M26517S	4	6	7	5	8	7	9	7	1
M26574B	4	10	10	10	10	10	8	10	2
M26588H	4	2	3	2	1	2	8	4	2
M26593E	4	3	4	3	2	7	1	3	2
M26595G	4	6	5	6	6	8	1	8	2
M26597J	4	6	7	6	9	4	10	3	1
M26625V	4	2	2	2	2	2	2	2	2
M26626W	4	6	5	6	9	5	9	5	1
M26633V	4	4	3	3	4	6	10	6	1
M26640U	4	2	2	2	4	3	6	2	1
M26673D	4	9	8	9	10	6	6	5	2
M26678J	4	3	3	3	3	1	4	3	2
M26712T	4	3	2	4	6	3	6	6	2
M26716X	4	9	8	8	10	7	8	10	2
M26755E	4	7	6	5	5	10	5	6	2
M26765G	4	6	4	3	6	7	6	8	2
M26773G	4	4	2	3	8	4	8	3	1
M26798R	4	8	9	10	8	8	3	6	1
M26802U	4	8	8	8	9	7	10	9	1
M26835D	4	10	9	9	10	10	5	10	2
M26908D	4	2	2	2	2	3	1	2	2
M26941E	4	6	7	5	8	7	9	7	1
M26943G	4	7	6	5	9	6	9	6	1
M26952H	4	8	8	8	9	7	10	9	1
M26963L	4	4	4	6	9	6	10	3	1
M26966P	4	7	6	6	4	7	6	6	2
M27028J	4	2	2	2	4	3	6	2	1
M27059R	4	2	1	2	3	1	3	5	2
M27100Z	4	8	8	8	4	10	2	5	2
M27110B	4	6	5	6	5	6	2	6	2
M27129N	4	10	10	10	9	8	6	10	2
M27153N	4	2	2	3	4	1	2	2	2
M27182T	4	3	4	4	2	4	5	2	2
M27226N	4	8	8	8	7	7	9	7	1
M27238S	4	3	3	4	2	3	3	7	2
M27272U	4	8	7	7	7	9	3	9	2
M27277Z	4	1	1	1	1	1	1	1	2
M27281V	4	3	2	4	6	3	6	6	2
M27318R	4	4	3	3	4	6	10	6	1
M27354V	4	1	1	1	1	1	1	1	2
M27372X	4	6	5	5	4	6	7	8	2
M27397G	4	10	10	10	7	10	6	7	2
M27410L	4	3	3	3	4	2	4	6	2
M27503Q	4	8	8	8	6	9	5	7	1
M27535Y	4	2	2	2	2	1	1	3	2
M27540V	4	5	4	4	3	6	6	5	2
M27573E	4	10	10	9	8	10	8	10	1
M27596M	4	2	2	1	1	3	4	2	2
M27611T	4	1	1	1	1	4	1	1	2
M27649H	4	6	6	7	4	7	8	6	1
M27669M	4	6	7	6	9	4	10	3	1
M27684L	4	2	2	2	4	3	6	2	1
M27714Z	4	3	3	4	4	4	3	2	2
M27743E	4	4	4	5	7	4	7	5	1
M27827H	4	9	10	9	10	7	8	10	2
M27838L	4	8	8	10	6	6	8	10	1
M27853K	4	1	1	1	1	4	1	1	2
M27899Z	4	5	4	6	7	5	5	5	1
M27912D	4	8	8	9	10	7	9	6	1
M27925J	4	4	5	5	6	4	9	2	1
M27933J	4	10	10	9	8	10	8	10	1
M27944M	4	2	1	3	4	2	3	3	2
M27988Z	4	9	8	9	7	9	8	8	2
M27990T	4	3	3	2	4	7	10	7	1
M28013F	4	3	4	4	2	4	5	2	2
M28027M	4	8	6	8	10	7	5	6	2
M28052N	4	2	1	3	4	2	3	3	2
M28098C	4	5	4	5	6	4	2	9	2
M28106K	4	4	4	4	6	4	5	5	2
M28115L	4	3	3	3	3	2	7	6	2
M28128R	4	1	1	1	2	1	3	3	2
M28135Q	4	5	5	5	7	4	10	4	1
M28154T	4	2	1	3	4	2	3	3	2
M28173W	4	6	6	6	6	4	7	5	1
M28223P	4	2	2	2	3	2	4	1	1
M28282A	4	3	3	3	5	2	5	3	1
M28285D	4	10	10	9	8	10	8	10	1
M28296G	4	3	3	2	4	2	5	4	2
M28341U	4	9	9	8	9	8	7	10	2
M28351W	4	9	9	9	6	10	7	7	2
M28358D	4	2	1	3	4	2	3	3	2
M28378H	4	4	4	4	2	8	1	5	2
M28406U	4	8	9	10	8	8	3	6	1
M28407V	4	8	8	8	4	10	3	8	2
M28411R	4	3	4	4	2	4	5	2	2
M28461B	4	9	9	8	10	9	7	10	2
M28488N	4	9	8	8	6	9	7	9	1
M28510T	4	2	2	2	4	3	6	2	1
M28546F	4	9	8	8	6	10	8	7	2
M28623B	4	9	9	9	8	8	10	8	2
M28624C	4	3	3	4	4	5	2	6	2
M28657M	4	6	6	6	5	7	10	6	1
M28715E	4	1	1	2	3	1	1	1	2
M28722D	4	9	8	8	6	10	8	7	2
M28738M	4	6	5	6	6	8	1	8	2
M28771N	4	6	6	6	5	7	10	6	1
M28854Q	4	10	9	9	10	10	5	10	2
M28883V	4	10	10	10	10	9	7	10	1
M28910F	4	10	9	8	9	9	6	9	2
M28949W	4	3	4	3	3	3	5	3	1
M28959Y	4	4	4	4	6	4	5	5	2
M28962T	4	10	10	10	6	10	6	9	2
M29017P	4	6	5	6	6	8	1	8	2
M29078C	4	10	9	9	10	10	7	9	2
M29144V	4	9	9	8	10	9	7	10	2
M29148Z	4	9	10	9	8	9	9	8	2
M29154X	4	9	9	9	8	8	10	8	2
M29160V	4	9	9	7	8	7	9	7	2
M29235X	4	7	8	8	7	7	9	5	1
M29239B	4	6	6	7	5	5	4	7	1
M29303S	4	3	4	3	6	3	7	1	1
M29307W	4	4	3	5	9	3	3	7	2
M29334Z	4	10	9	9	10	10	5	10	2
M29351A	4	9	8	8	6	10	8	7	2
M29360B	4	9	8	8	10	7	8	10	2
M29380F	4	3	3	4	4	5	2	6	2
M29386M	4	3	2	4	5	3	5	3	1
M29422Y	4	4	5	6	5	3	5	5	1
M29432A	4	2	2	2	2	3	1	2	2
M29435D	4	9	9	8	5	10	3	10	2
M29454G	4	10	10	10	10	7	4	10	2
M29484N	4	3	4	3	4	2	3	3	2
M29487R	4	4	4	3	3	3	6	5	2
M29505A	4	2	2	2	4	3	6	2	1
M29514B	4	4	5	6	5	3	5	5	1
M29516D	4	4	6	5	9	4	9	4	1
M29518F	4	2	2	3	2	4	5	1	2
M29549N	4	9	9	9	10	7	10	9	2
M29559Q	4	8	8	7	8	7	6	8	2
M29567Q	4	4	4	5	7	4	7	5	1
M29585S	4	10	10	10	10	10	6	8	2
M29612C	4	9	10	10	8	8	9	7	2
M29620C	4	2	2	2	3	1	9	2	2
M29669V	4	6	6	6	8	7	9	2	1
M29674S	4	7	9	8	5	6	9	9	1
M29702D	4	4	4	5	4	3	4	4	2
M29707J	4	10	10	10	10	10	9	10	2
M29737Q	4	1	1	1	1	1	1	1	2
M29752P	4	4	4	5	7	4	7	5	1
M29766V	4	4	4	5	4	3	4	4	2
M29773U	4	1	1	2	1	1	6	1	2
M29784X	4	8	8	8	6	9	5	7	1
M29786Z	4	6	5	6	6	8	1	8	2
M29811H	4	2	1	1	5	2	4	2	1
M29815M	4	9	9	9	6	10	7	7	2
M29819R	4	5	5	4	7	3	5	6	2
M29881X	4	8	7	7	5	10	2	7	2
M29886C	4	5	5	7	7	5	10	4	1
M29908R	4	9	9	7	7	10	6	10	2
M29944V	4	4	4	5	2	9	1	3	2
M29956Z	4	3	3	2	3	4	7	5	2
M29969E	4	4	4	4	6	3	3	5	2
M29987G	4	3	4	4	2	4	5	2	2
M30005C	4	7	8	7	4	10	4	9	2
M30055N	4	10	9	10	7	10	3	8	2
M30075S	4	5	4	5	6	4	3	2	2
M30094V	4	1	1	1	1	3	1	1	2
M30131H	4	2	2	4	5	4	10	1	1
M30140J	4	3	2	4	6	3	6	6	2
M30145P	4	4	5	4	7	3	9	4	1
M30181T	4	10	10	9	8	10	8	10	1
M30183V	4	5	4	4	8	5	10	7	1
M30222K	4	9	10	9	8	9	9	8	2
M30258X	4	5	5	4	7	3	5	6	2
M30269A	4	8	8	8	8	6	8	8	2
M30294B	4	6	6	6	5	7	10	6	1
M30297E	4	4	4	5	3	8	1	8	2
M30319T	4	7	7	7	8	7	7	8	1
M30322N	4	5	4	5	8	6	10	4	1
M30391B	4	2	1	3	4	2	3	3	2
M30435W	4	2	2	3	4	1	2	2	2
M30494H	4	1	1	1	1	2	1	2	2
M30501P	4	1	1	2	1	1	6	1	2
M30519Z	4	2	2	2	2	2	4	2	2
M30532W	4	4	3	3	4	6	10	6	1
M30541X	4	5	6	5	6	6	8	6	1
M30568J	4	6	7	5	8	7	9	7	1
M30569K	4	4	5	5	6	4	9	4	1
M30630X	4	1	1	1	1	1	1	2	2
M30647G	4	9	9	9	10	7	6	10	2
M30679Q	4	7	7	6	9	8	6	6	2
M30736G	4	5	3	3	4	7	5	8	2
M30778S	4	5	5	7	7	5	10	4	1
M30814D	4	4	3	5	9	3	3	7	2
M30824F	4	9	9	9	6	10	7	7	2
M30848P	4	9	8	8	9	9	6	7	1
M30860K	4	9	7	8	10	9	2	5	2
M30861L	4	10	10	10	7	10	2	9	2
M30871N	4	4	3	3	4	6	10	6	1
M30903D	4	7	7	7	7	5	10	7	1
M30905F	4	5	6	5	6	6	8	6	1
M30976W	4	3	2	4	6	3	6	6	2
M31000B	4	2	2	2	3	2	3	3	2
M31038R	4	7	5	7	6	8	8	8	2
M31041L	4	2	2	2	1	5	1	3	2
M31088B	4	3	5	3	5	2	7	4	1
M31178C	4	5	5	6	3	6	5	5	2
M31193B	4	6	4	3	6	7	6	8	2
M31199H	4	6	7	7	7	6	8	8	1
M31211L	4	9	9	9	8	9	6	10	1
M31214P	4	8	8	8	9	7	10	9	1
M31230P	4	2	2	2	3	2	4	1	1
M31231Q	4	1	1	1	1	1	1	1	2
M31249A	4	2	2	3	4	1	2	2	2
M31277E	4	2	1	1	5	2	4	2	1
M31323T	4	10	9	9	10	9	7	10	2
M31369H	4	1	1	2	1	1	6	1	2
M31406V	4	3	2	3	9	3	10	2	1
M31408X	4	2	2	4	5	4	10	1	1
M31419A	4	8	7	7	5	10	2	7	2
M31476K	4	8	9	8	7	7	8	9	1
M31513X	4	5	4	5	4	6	4	4	2
M31523Z	4	9	9	8	7	9	8	7	2
M31525B	4	5	5	4	2	6	3	4	2
M31548J	4	2	2	4	5	4	10	1	1
M31569P	4	9	9	7	8	7	9	7	2
M31747P	4	2	3	2	2	4	2	5	2
M31769V	4	5	4	5	6	4	7	5	1
M31796Y	4	2	2	1	2	3	3	1	2
M31816K	4	5	4	6	7	5	5	5	1
M31823J	4	1	1	1	2	3	6	2	2
M31857U	4	8	8	8	9	7	10	9	1
M31874V	4	6	6	7	4	7	8	6	1
M31894Z	4	2	2	3	2	4	5	1	2
M31902G	4	5	4	6	7	5	5	5	1
M31908N	4	8	8	9	8	5	4	3	2
M31927R	4	6	7	6	6	5	9	5	1
M31980W	4	3	4	3	4	2	3	3	2
M32101K	4	6	6	6	6	4	7	5	1
M32111M	4	4	3	4	9	4	10	6	1
M32120N	4	10	9	9	10	10	5	9	2
M32229A	4	9	9	7	8	7	9	7	2
M32250X	4	3	5	3	2	2	6	6	2
M32316Y	4	5	4	6	7	5	5	5	1
M32333Z	4	6	5	5	5	7	9	7	1
M32353D	4	5	5	5	5	5	5	6	1
M32357H	4	6	6	5	5	8	1	6	2
M32362E	4	8	8	8	7	6	5	9	2
M32392L	4	1	2	1	2	2	3	3	2
M32407A	4	8	8	8	10	8	6	7	1
M32408B	4	10	10	10	10	10	6	10	2
M32426D	4	3	3	3	5	2	5	3	1
M32457L	4	4	3	4	9	4	10	6	1
M32465L	4	4	4	5	7	4	7	5	1
M32472K	4	7	7	7	4	5	4	5	2
M32513B	4	10	10	10	9	10	9	10	2
M32534G	4	2	2	2	3	1	4	2	2
M32551H	4	8	9	10	8	8	3	6	1
M32579V	4	8	9	9	4	10	1	5	2
M32592S	4	10	10	10	10	8	7	10	2
M32593T	4	1	1	1	1	2	1	2	2
M32612D	4	7	7	8	6	4	7	7	2
M32622F	4	2	2	1	2	2	4	6	2
M32695Y	4	5	5	4	7	3	5	6	2
M32753R	4	4	3	3	4	6	10	6	1
M32764U	4	7	8	8	4	7	9	4	1
M32794A	4	4	5	5	6	5	10	3	1
M32828T	4	9	8	8	6	10	8	7	2
M32830M	4	5	6	6	3	5	5	1	2
M32839W	4	1	2	2	1	1	1	3	2
M32848X	4	7	7	7	7	5	10	7	1
M32873Y	4	9	9	10	6	7	8	10	2
M32899J	4	10	10	10	7	10	8	10	2
M32901K	4	6	6	7	7	4	10	5	1
M32916S	4	1	1	1	2	1	3	1	2
M32939Z	4	9	9	8	10	9	7	10	2
M32941T	4	7	6	7	9	7	10	7	1
M32997K	4	1	1	1	2	1	3	3	2
M33016T	4	9	8	8	9	10	4	10	2
M33070Z	4	3	2	4	5	3	5	3	1
M33080B	4	1	1	1	1	2	4	2	2
M33087J	4	7	9	9	8	8	4	8	1
M33100N	4	6	6	7	3	8	8	7	1
M33109X	4	10	10	9	8	10	8	10	1
M33124W	4	5	4	6	7	5	5	5	1
M33144A	4	8	8	8	7	6	5	9	2
M33171D	4	1	1	1	2	3	6	2	2
M33186L	4	1	2	2	1	1	1	2	2
M33239G	4	5	6	5	6	6	8	6	1
M33272H	4	1	2	2	1	1	1	2	2
M33282K	4	7	6	6	4	7	6	6	2
M33283L	4	10	9	9	10	9	10	8	1
M33324C	4	2	2	2	3	2	4	1	1
M33326E	4	9	10	9	8	9	9	8	2
M33342E	4	7	6	6	7	5	9	6	1
M33374N	4	4	4	4	6	4	5	5	2
M33385R	4	8	8	8	9	7	10	9	1
M33414D	4	1	1	1	1	2	2	1	2
M33418H	4	1	1	2	3	1	1	1	2
M33432F	4	4	5	5	6	4	9	4	1
M33450H	4	3	3	4	10	2	9	3	1
M33454M	4	5	3	3	4	7	5	8	2
M33455N	4	2	3	3	5	2	3	1	2
M33488X	4	10	9	9	10	10	5	10	2
M33597B	4	9	9	9	8	8	10	8	2
M33602F	4	1	1	2	5	2	2	2	2
M33612H	4	4	3	4	9	4	10	6	1
M33654T	4	1	1	1	1	1	2	2	2
M33710J	4	8	9	9	8	7	8	5	1
M33735T	4	2	2	2	3	2	2	3	2
M33751T	4	9	8	9	10	6	6	5	2
M33803N	4	3	2	4	6	3	6	6	2
M33805Q	4	3	4	4	2	2	1	6	2
M33821Q	4	7	5	7	5	6	7	6	2
M33834V	4	6	7	7	7	6	8	8	1
M33880B	4	6	7	5	8	7	9	7	1
M33882D	4	2	2	4	5	4	10	1	1
M33934Y	4	1	2	2	1	1	1	3	2
M33956E	4	8	9	8	5	7	7	6	2
M33965F	4	5	6	6	6	8	4	5	1
M33967H	4	4	4	4	2	8	1	5	2
M33981F	4	3	4	4	2	4	5	2	2
M34007W	4	4	4	4	4	2	3	7	1
M34034Z	4	2	2	3	3	1	1	2	2
M34089Q	4	8	9	8	5	7	7	6	2
M34120W	4	2	2	4	5	4	10	1	1
M34170G	4	1	1	1	1	1	3	2	2
M34243G	4	2	2	4	5	4	10	1	1
M34256M	4	4	5	6	5	3	5	5	1
M34282P	4	10	9	10	10	10	7	10	2
M34299Y	4	10	10	9	10	9	9	10	2
M34302A	4	10	10	10	10	9	7	10	1
M34353M	4	7	7	6	9	8	6	6	2
M34354N	4	1	1	1	1	1	3	1	2
M34357R	4	2	2	2	3	2	4	1	1
M34361M	4	7	6	7	9	7	10	7	1
M34374S	4	1	1	1	1	2	4	2	2
M34437Q	4	6	6	7	4	7	8	6	1
M34450M	4	1	1	1	1	1	2	1	2
M34482V	4	2	2	2	3	2	4	1	1
M34495A	4	1	1	1	1	2	4	2	2
M34509P	4	6	6	4	5	7	6	6	2
M34510G	4	2	3	3	4	2	8	2	1
M34578C	4	4	5	4	7	3	9	4	1
M34619U	4	6	6	6	5	4	3	6	2
M34631Q	4	6	5	6	10	4	5	4	1
M34674B	4	1	2	2	1	1	1	3	2
M34710N	4	4	4	4	6	4	5	5	2
M34719X	4	5	5	4	7	4	7	1	1
M34757D	4	8	8	10	5	7	2	2	2
M34805U	4	5	5	7	7	5	10	4	1
M34826Z	4	8	8	6	5	10	7	9	2
M34856F	4	6	6	6	5	4	6	5	2
M34865G	4	6	6	7	4	7	8	6	1
M34874H	4	9	9	9	8	9	9	7	1
M34956J	4	4	3	4	9	4	10	6	1
M35044F	4	5	6	6	6	8	4	5	1
M35047J	4	7	5	7	6	8	8	8	2
M35048K	4	5	5	4	7	3	5	6	2
M35050D	4	5	5	4	8	6	10	8	1
M35061G	4	6	6	7	4	7	8	6	1
M35080K	4	6	7	5	8	7	9	7	1
M35091N	4	2	2	2	4	3	6	2	1
M35108E	4	9	9	9	6	10	7	7	2
M35128J	4	5	6	6	3	5	5	1	2
M35145K	4	4	4	5	5	3	9	3	1
M35178U	4	9	8	8	9	8	5	9	2
M35189X	4	10	9	9	10	10	6	10	2
M35214F	4	3	4	3	4	2	3	3	2
M35245N	4	3	3	3	5	2	5	3	1
M35247Q	4	10	10	10	9	10	10	10	2
M35249S	4	8	9	9	4	10	1	5	2
M35266T	4	8	8	8	7	6	5	9	2
M35282T	4	2	1	2	4	3	3	2	2
M35283U	4	5	4	5	4	5	2	7	2
M35324L	4	6	6	7	4	7	8	6	1
M35326N	4	4	4	4	6	4	5	5	2
M35342N	4	8	8	9	10	7	9	6	1
M35395B	4	4	4	4	6	4	5	5	2
M35400F	4	7	6	7	4	9	7	7	2
M35471W	4	8	7	9	9	8	2	7	2
M35501K	4	9	10	9	8	9	9	8	2
M35523R	4	3	3	3	3	1	4	3	2
M35531R	4	6	7	5	8	7	9	7	1
M35568E	4	2	1	2	3	1	3	5	2
M35595H	4	5	5	7	7	5	10	4	1
M35617W	4	2	3	3	1	3	2	1	2
M35663C	4	6	6	6	5	4	6	5	2
M35684H	4	8	8	7	8	6	8	9	2
M35686K	4	3	2	4	6	3	6	6	2
M35730W	4	4	3	4	9	4	10	6	1
M35768L	4	6	7	6	9	4	10	3	1
M35795P	4	9	9	9	8	7	7	8	1
M35862H	4	9	10	9	8	9	9	8	2
