MCSID	FACTRY00	FIWIMDSC	FIWIMDIN	FIWIMDEM	FIWIMDHD	FIWIMDES	FIWIMDHO	FIWIMDCR	FIWIMDLE	FIWRURUR
M10002P	2	9	8	6	5	8	9	9	10	4
M10007U	2	7	6	6	4	5	7	5	9	4
M10039C	2	2	1	2	1	2	9	6	7	4
M10042X	2	2	2	2	4	2	4	4	6	5
M10054B	2	10	9	9	10	9	7	9	7	4
M10095L	2	6	7	6	3	8	3	9	8	5
M10120U	2	7	6	5	8	6	7	8	5	4
M10143B	2	2	2	2	3	4	9	5	2	4
M10157H	2	10	9	10	8	10	9	8	8	4
M10175K	2	9	6	6	9	9	9	9	10	4
M10191K	2	1	1	2	2	1	9	1	5	4
M10200T	2	8	6	9	8	6	7	6	5	4
M10206Z	2	1	1	2	6	1	9	5	9	4
M10220X	2	8	7	7	9	7	5	6	3	5
M10223A	2	1	1	1	2	1	9	5	10	4
M10244F	2	4	4	3	5	3	9	2	4	4
M10250D	2	3	3	3	3	2	9	9	2	4
M10261G	2	4	4	6	3	2	7	3	4	5
M10274M	2	8	10	9	3	10	2	10	6	5
M10356N	2	1	1	2	4	1	9	1	2	4
M10362L	2	3	2	3	1	4	7	5	7	4
M10375R	2	7	7	6	9	6	7	1	5	4
M10387V	2	2	3	2	1	5	7	2	1	4
M10396W	2	3	3	2	2	5	4	4	10	5
M10432H	2	2	1	3	5	2	3	2	7	4
M10465S	2	10	8	9	10	9	9	6	9	4
M10485W	2	6	5	4	6	4	9	6	3	4
M10503F	2	3	2	3	4	2	9	2	6	4
M10505H	2	2	2	1	6	3	5	2	4	4
M10507K	2	7	7	8	6	9	2	3	8	6
M10543P	2	2	2	2	1	2	8	8	8	4
M10548U	2	5	6	6	1	8	9	7	2	4
M10561R	2	6	9	8	4	6	2	6	1	6
M10613L	2	4	2	3	4	4	9	3	5	4
M10632P	2	3	2	4	3	2	9	5	3	4
M10640P	2	7	8	5	4	6	9	7	4	4
M10655W	2	2	2	3	2	1	8	9	7	4
M10699J	2	8	7	9	6	4	9	7	2	4
M10711M	2	2	2	2	3	3	5	2	6	4
M10743V	2	6	5	5	3	8	4	9	9	4
M10750U	2	8	7	9	10	5	4	7	2	4
M10751V	2	1	1	1	1	1	5	1	2	4
M10772A	2	3	3	4	3	5	5	1	10	5
M10845A	2	9	9	8	9	8	3	6	8	4
M10860Z	2	2	2	2	4	2	4	2	10	1
M10873E	2	2	1	1	7	5	3	1	2	2
M10889N	2	6	9	6	5	10	2	6	1	4
M10907X	2	5	4	4	7	4	7	6	2	4
M10917Z	2	2	2	2	4	3	6	5	5	5
M10935B	2	6	5	5	8	8	1	2	9	3
M10963F	2	10	10	10	10	10	3	8	5	4
M10974J	2	2	2	4	5	2	3	4	2	4
M10975K	2	7	6	6	10	8	3	4	5	2
M10991K	2	6	5	4	5	6	9	6	4	4
M11008Z	2	9	9	9	9	8	4	7	8	5
M11027C	2	3	3	3	6	2	4	7	8	4
M11044D	2	3	2	3	4	2	9	2	6	4
M11059L	2	7	7	8	9	7	2	3	9	6
M11068M	2	9	9	8	9	8	3	6	8	4
M11083L	2	10	9	9	8	9	7	8	9	6
M11088R	2	3	3	3	8	2	5	7	3	4
M11138J	2	6	9	8	4	6	2	6	1	6
M11147K	2	3	3	2	5	2	4	6	8	5
M11184Q	2	8	8	8	9	8	2	6	5	6
M11185R	2	4	5	6	2	2	5	3	10	4
M11190N	2	9	9	9	6	8	2	9	10	4
M11201Y	2	8	7	9	6	5	4	4	9	4
M11206D	2	2	3	1	3	2	6	7	4	4
M11213C	2	3	3	3	6	2	4	7	8	4
M11231E	2	5	5	3	5	5	9	5	2	4
M11233G	2	3	3	4	6	2	6	1	4	4
M11234H	2	1	1	1	1	1	9	8	5	4
M11243J	2	10	10	9	8	9	6	10	3	4
M11244K	2	3	3	2	4	6	6	1	8	4
M11332J	2	7	6	5	6	8	9	9	7	4
M11337P	2	4	4	4	4	3	5	6	5	4
M11348S	2	10	10	9	8	9	5	10	8	4
M11350L	2	4	4	4	8	7	1	3	5	3
M11359V	2	5	4	6	7	4	5	2	9	4
M11374U	2	1	1	2	6	1	9	5	9	4
M11379Z	2	7	8	5	8	10	1	9	7	4
M11385X	2	3	2	3	4	1	9	5	5	4
M11392W	2	3	4	2	4	4	4	6	9	6
M11417N	2	7	6	8	6	7	4	6	2	4
M11434P	2	6	7	7	3	5	2	6	9	6
M11447U	2	2	1	2	5	1	9	4	2	4
M11449W	2	10	9	9	10	10	2	9	9	5
M11461S	2	4	4	3	4	4	3	8	7	5
M11463U	2	8	7	9	4	6	9	8	7	4
M11472V	2	4	4	3	3	5	5	4	8	4
M11478B	2	1	1	1	2	4	3	2	1	4
M11480V	2	10	10	10	8	9	2	9	8	6
M11484Z	2	4	4	6	3	2	7	3	4	5
M11487C	2	10	8	9	10	9	7	9	7	4
M11500G	2	1	1	1	1	1	4	3	9	4
M11502J	2	10	9	9	10	10	6	10	3	4
M11510J	2	10	10	10	9	9	5	10	9	4
M11513M	2	5	6	3	4	7	7	4	4	4
M11518S	2	6	9	8	4	6	2	6	1	6
M11521M	2	8	10	9	3	10	2	10	6	5
M11532Q	2	3	2	4	3	2	9	5	3	4
M11544U	2	9	7	5	8	9	6	10	7	4
M11546W	2	6	8	7	3	4	5	8	2	4
M11555X	2	1	1	1	1	1	9	4	2	4
M11560U	2	3	3	5	2	4	9	1	1	4
M11586E	2	9	8	9	9	9	4	3	4	6
M11590A	2	1	1	2	7	1	9	3	9	4
M11644X	2	9	7	6	8	10	7	7	8	4
M11652X	2	1	2	2	3	1	8	2	5	4
M11663A	2	4	3	5	7	5	3	2	4	4
M11683E	2	5	5	5	8	4	4	3	1	4
M11689L	2	7	6	5	6	8	9	9	7	4
M11711R	2	9	8	8	9	8	4	8	8	4
M11734Y	2	1	1	3	3	1	9	1	5	4
M11765F	2	2	1	2	6	2	6	3	5	4
M11777K	2	9	8	8	10	6	7	7	2	4
M11800R	2	4	3	5	4	5	4	2	10	4
M11825A	2	6	6	3	7	6	2	7	7	6
M11830X	2	3	2	4	2	4	7	8	5	4
M11834B	2	2	2	2	4	1	9	2	1	4
M11895Q	2	10	9	9	7	10	9	9	3	5
M11904Y	2	3	2	3	5	3	9	3	2	4
M11919F	2	10	10	10	10	10	4	10	8	4
M11920Y	2	3	3	4	6	1	9	1	9	4
M11923B	2	4	3	5	5	2	9	4	3	4
M11944G	2	5	5	9	9	3	4	2	1	4
M11961H	2	2	2	3	3	1	8	3	10	4
M11965M	2	5	4	5	9	6	4	3	6	4
M11973M	2	4	4	4	5	2	2	3	5	6
M11991P	2	9	7	9	6	8	9	7	4	4
M11995T	2	1	1	1	1	1	6	4	5	4
M12007C	2	4	4	5	7	4	1	1	8	6
M12011Y	2	7	7	9	4	9	3	3	7	4
M12036H	2	9	7	8	7	7	9	8	3	4
M12042F	2	10	10	10	10	9	2	10	6	4
M12054K	2	5	3	5	8	5	9	4	4	4
M12055L	2	8	7	9	6	4	9	7	2	4
M12058P	2	3	3	2	4	6	6	1	8	4
M12077S	2	3	3	5	9	1	9	3	1	4
M12110A	2	6	4	5	8	5	8	8	7	4
M12168U	2	5	3	5	8	5	7	4	3	4
M12173R	2	1	1	1	1	1	4	3	9	4
M12185V	2	8	6	8	6	6	9	6	3	4
M12188Y	2	10	10	10	7	10	7	10	8	4
M12191T	2	1	1	1	2	1	9	5	10	4
M12219N	2	10	10	10	8	9	2	9	8	6
M12281U	2	3	3	3	3	3	9	4	2	4
M12298D	2	3	2	3	5	4	4	7	8	6
M12320J	2	3	3	3	3	5	2	8	3	4
M12323M	2	10	10	10	7	6	6	7	5	4
M12329T	2	10	10	10	10	10	2	10	7	6
M12332N	2	2	2	3	3	1	4	3	4	4
M12333P	2	9	10	10	10	9	1	7	3	6
M12336S	2	10	10	10	9	9	5	10	9	4
M12338U	2	3	3	3	2	5	4	5	7	4
M12357X	2	6	7	8	5	10	1	8	10	6
M12367Z	2	7	7	7	5	5	9	9	1	4
M12388E	2	2	1	3	2	1	8	8	5	4
M12394C	2	9	8	8	10	6	7	7	2	4
M12454X	2	7	7	6	6	5	7	6	8	4
M12485E	2	1	1	1	4	1	7	2	2	4
M12486F	2	2	2	5	4	1	4	7	1	4
M12487G	2	9	7	7	8	6	9	7	8	4
M12507T	2	10	10	10	10	10	4	10	6	5
M12548C	2	1	1	1	1	1	4	3	9	4
M12549D	2	8	6	7	7	9	4	5	9	4
M12564C	2	4	5	5	4	3	3	1	3	5
M12595K	2	2	2	1	3	1	6	7	4	4
M12600P	2	7	6	6	7	4	9	3	9	4
M12603S	2	9	7	8	7	7	9	8	3	4
M12615W	2	3	3	3	7	5	3	3	5	4
M12668K	2	9	7	7	9	6	9	6	4	4
M12672F	2	5	3	5	4	4	9	3	7	4
M12704W	2	10	10	10	10	10	6	10	7	4
M12744E	2	5	4	6	8	6	2	1	7	4
M12765K	2	9	9	9	6	8	2	9	10	4
M12773K	2	8	7	9	6	4	9	7	2	4
M12821A	2	9	8	9	10	9	2	5	7	3
M12832D	2	3	3	3	3	2	9	9	2	4
M12835G	2	6	5	7	7	5	9	7	1	4
M12857N	2	6	5	7	5	2	9	9	8	4
M12860H	2	4	4	4	5	2	2	3	5	6
M12869S	2	2	3	2	1	3	9	4	2	4
M12884R	2	2	2	4	3	1	9	1	6	4
M12885S	2	4	3	5	4	5	5	2	7	4
M12890P	2	7	9	10	9	9	1	9	2	6
M12905D	2	6	9	8	4	6	2	6	1	6
M12907F	2	10	10	10	10	10	2	10	8	4
M12933H	2	10	10	10	10	10	3	8	5	4
M12957R	2	2	1	2	5	1	9	4	2	4
M12975T	2	1	2	1	2	2	4	7	5	4
M12992U	2	2	3	1	3	4	5	3	6	4
M12999B	2	9	9	10	9	9	2	9	10	6
M13029N	2	10	10	9	10	10	8	10	3	4
M13038P	2	9	8	6	5	8	9	9	10	4
M13060M	2	2	1	3	3	2	9	5	3	4
M13064R	2	8	7	9	6	5	4	4	9	4
M13073S	2	4	3	4	3	3	9	6	3	4
M13092V	2	5	4	5	7	3	5	4	10	5
M13108L	2	2	2	2	4	2	4	4	6	5
M13115K	2	10	10	10	9	10	6	9	9	4
M13132L	2	6	6	5	5	4	5	8	7	4
M13145R	2	6	6	3	6	5	6	7	6	4
M13155T	2	7	7	7	4	6	6	7	6	4
M13194A	2	4	5	4	2	5	8	5	5	4
M13200F	2	1	2	1	2	2	4	7	5	4
M13218R	2	9	9	10	10	9	2	7	6	3
M13221L	2	7	10	9	10	8	1	6	7	6
M13235S	2	2	2	3	2	1	8	9	7	4
M13260T	2	10	9	10	8	10	4	9	4	4
M13265Y	2	10	10	10	10	10	3	8	5	4
M13269C	2	4	2	3	7	8	8	1	4	4
M13294D	2	7	7	8	6	9	2	3	8	6
M13310L	2	8	6	8	6	6	9	6	3	4
M13319V	2	2	2	3	3	1	4	3	4	4
M13321P	2	9	7	7	8	10	8	5	10	4
M13343V	2	2	2	2	2	2	8	4	4	4
M13369F	2	2	2	2	1	1	6	9	10	6
M13389K	2	7	7	8	9	7	2	3	9	6
M13418X	2	5	3	7	5	2	9	8	5	1
M13426X	2	3	3	3	8	2	5	7	3	4
M13428Z	2	4	5	3	5	6	2	8	9	6
M13444Z	2	6	6	5	9	6	3	3	5	2
M13457E	2	3	3	4	3	3	4	1	5	5
M13508Y	2	5	4	6	4	3	9	4	5	4
M13530W	2	10	10	10	10	10	3	10	5	5
M13540Y	2	10	10	10	9	10	3	10	10	5
M13542A	2	4	3	3	9	3	9	4	1	4
M13547F	2	1	1	1	1	1	4	4	7	4
M13560C	2	10	10	9	10	8	5	10	10	4
M13570E	2	2	2	2	3	2	3	5	4	5
M13635E	2	1	1	1	1	1	6	4	5	4
M13670H	2	3	2	4	2	2	3	6	3	1
M13703Z	2	5	6	5	2	3	8	8	6	4
M13733F	2	2	1	2	5	1	9	4	2	4
M13757P	2	10	10	10	9	10	6	9	9	4
M13762L	2	10	8	9	10	10	6	10	2	5
M13770L	2	2	2	1	5	3	4	5	2	4
M13795V	2	6	6	4	6	7	2	5	8	6
M13797X	2	9	7	8	7	7	9	8	3	4
M13806F	2	4	3	5	7	5	3	2	4	4
M13829N	2	2	1	3	5	2	3	2	7	4
M13836M	2	5	4	4	6	3	7	9	7	4
M13878X	2	3	2	4	5	4	4	5	1	5
M13891U	2	2	3	2	1	2	5	4	5	4
M13899C	2	9	9	9	10	9	2	5	7	6
M13903F	2	4	3	4	3	4	5	6	8	5
M13912G	2	3	2	3	4	2	9	2	6	4
M13931K	2	3	5	5	1	4	3	6	3	4
M13941M	2	6	7	7	3	5	2	6	9	6
M13952Q	2	1	1	1	1	1	4	3	9	4
M13962S	2	7	6	4	8	7	9	4	6	4
M13965V	2	6	7	5	7	5	3	7	1	5
M13974W	2	7	6	4	8	7	9	4	6	4
M13989D	2	10	10	10	9	10	7	9	8	4
M14020H	2	7	7	6	3	9	8	6	7	4
M14030K	2	10	10	8	10	10	3	10	4	4
M14037S	2	7	8	9	3	8	3	8	8	5
M14053S	2	9	8	9	10	9	2	5	7	3
M14057W	2	5	4	5	9	6	4	3	6	4
M14090X	2	10	10	9	10	8	9	10	7	4
M14092Z	2	1	1	1	1	1	9	8	5	4
M14105M	2	5	5	6	4	5	2	5	7	5
M14119T	2	2	2	1	4	1	5	8	6	4
M14124Q	2	2	2	1	5	5	7	4	1	4
M14134S	2	4	3	3	9	4	6	2	3	4
M14139X	2	5	6	4	3	5	4	7	4	5
M14140Q	2	3	3	4	3	3	4	1	5	5
M14166A	2	5	6	6	10	6	1	8	1	5
M14230R	2	4	4	5	7	4	1	1	8	6
M14266D	2	10	10	10	10	10	6	10	7	4
M14309X	2	8	7	7	10	5	7	7	5	4
M14325X	2	10	9	10	10	10	7	10	4	4
M14396N	2	9	9	9	6	8	2	9	10	4
M14397P	2	10	9	9	8	9	3	8	10	4
M14408Z	2	3	3	3	8	2	5	7	3	4
M14420V	2	9	10	10	9	10	2	9	2	4
M14422X	2	7	7	7	9	8	1	4	10	3
M14443C	2	3	2	3	4	2	9	2	6	4
M14484M	2	3	3	2	2	2	6	7	9	4
M14521Z	2	9	7	7	9	6	9	6	4	4
M14524C	2	6	6	5	9	6	3	3	5	2
M14525D	2	3	3	3	4	4	6	5	2	4
M14528G	2	4	4	3	5	3	8	8	4	4
M14583P	2	8	7	6	9	6	5	6	10	4
M14585R	2	6	6	3	6	5	6	7	6	4
M14588U	2	3	3	6	2	3	9	1	3	4
M14591P	2	4	5	4	3	2	6	7	7	4
M14603A	2	7	6	4	8	7	9	4	6	4
M14608F	2	8	6	8	9	9	9	5	2	5
M14614D	2	8	7	9	6	4	9	7	2	4
M14625G	2	10	10	10	7	10	3	10	5	5
M14630D	2	3	4	5	1	6	9	5	2	4
M14637L	2	2	2	3	3	1	4	3	4	4
M14638M	2	8	8	7	6	7	3	9	6	4
M14641G	2	8	6	8	6	6	9	6	3	4
M14672P	2	9	9	10	10	9	1	8	8	6
M14696X	2	10	10	10	8	8	2	10	10	4
M14740J	2	10	9	8	10	10	7	10	8	5
M14762Q	2	7	7	6	6	5	7	6	8	4
M14772S	2	1	1	1	1	1	4	3	9	4
M14774U	2	8	8	10	9	8	2	4	3	6
M14776W	2	8	7	8	9	7	1	8	9	6
M14784W	2	5	4	6	9	2	9	1	6	4
M14796A	2	5	5	6	3	6	3	3	8	4
M14800D	2	3	3	3	6	2	4	7	8	4
M14808M	2	10	10	10	10	9	1	9	8	5
M14821J	2	1	1	1	1	1	9	8	5	4
M14854T	2	6	5	7	6	6	3	3	4	4
M14859Y	2	3	3	3	1	3	8	5	8	4
M14865W	2	4	4	6	3	2	7	3	4	5
M14866X	2	9	7	6	8	10	7	7	8	4
M14872V	2	3	3	3	3	2	9	9	2	4
M14874X	2	9	7	7	9	6	9	6	4	4
M14897E	2	4	4	4	5	4	9	3	3	4
M14905M	2	8	5	7	8	7	7	5	10	4
M14910J	2	8	9	9	6	6	4	5	3	4
M14921M	2	2	1	2	4	3	6	7	3	4
M14929V	2	7	10	9	10	8	1	6	7	6
M14939X	2	3	2	2	5	2	9	8	5	4
M14945V	2	2	2	2	5	3	4	2	4	4
M15017S	2	6	5	5	6	6	3	4	10	4
M15024R	2	6	4	4	8	6	9	6	5	4
M15033S	2	10	10	10	7	10	3	10	5	5
M15056Z	2	2	2	2	5	3	4	2	4	4
M15057A	2	10	10	9	7	10	5	10	7	4
M15060V	2	7	7	8	6	9	2	3	8	6
M15064Z	2	5	5	3	4	6	6	7	9	4
M15098K	2	8	6	7	7	9	4	5	9	4
M15106S	2	2	2	5	3	2	4	3	1	4
M15116U	2	10	9	10	10	10	7	10	7	4
M15156C	2	3	2	4	2	2	9	5	2	4
M15158E	2	1	2	2	3	1	8	2	5	4
M15166E	2	9	9	10	9	8	1	6	9	6
M15198N	2	2	2	5	4	1	4	7	1	4
M15202R	2	1	2	2	3	1	8	2	5	4
M15207W	2	2	2	2	2	2	8	4	4	4
M15238D	2	3	2	4	5	2	9	4	5	4
M15265G	2	9	10	9	7	10	3	10	3	6
M15286M	2	3	4	2	4	4	4	6	9	6
M15336E	2	5	4	6	7	4	5	2	9	4
M15343D	2	8	7	8	5	9	5	5	5	4
M15349K	2	9	6	9	7	8	7	8	8	4
M15383M	2	10	10	9	7	10	5	10	7	4
M15392N	2	8	8	5	7	7	5	10	4	4
M15396S	2	9	7	8	7	7	9	8	3	4
M15399V	2	1	1	1	1	1	6	4	5	4
M15404Z	2	7	7	7	7	9	9	1	1	4
M15414B	2	8	9	8	5	10	3	10	2	4
M15442F	2	4	4	3	3	5	9	4	1	4
M15446K	2	9	7	7	9	6	9	6	4	4
M15458P	2	2	2	2	5	3	4	2	4	4
M15512C	2	10	10	10	9	10	6	10	10	5
M15517H	2	6	6	6	3	5	6	4	8	4
M15532G	2	10	9	10	8	9	5	6	8	6
M15533H	2	6	4	4	8	6	9	6	5	4
M15540G	2	10	10	10	5	9	5	8	5	5
M15552L	2	1	1	2	3	1	6	4	1	4
M15554N	2	4	4	6	3	2	7	3	4	5
M15577V	2	4	2	3	4	4	9	3	5	4
M15587X	2	9	9	8	9	8	3	6	8	4
M15608K	2	8	9	9	9	9	1	4	4	6
M15618M	2	3	3	3	6	2	4	7	8	4
M15680T	2	6	8	10	2	3	8	3	6	4
M15683W	2	1	1	1	2	1	7	8	7	4
M15702G	2	3	2	3	4	2	5	5	9	5
M15717P	2	5	6	4	3	4	5	9	6	4
M15726Q	2	7	5	7	6	5	9	4	4	5
M15767Z	2	10	10	9	10	10	4	10	5	5
M15791Z	2	6	9	8	4	6	2	6	1	6
M15807Q	2	2	3	2	2	4	7	3	5	4
M15821N	2	2	1	2	4	4	9	3	2	4
M15886F	2	10	10	10	10	10	6	10	4	4
M15894F	2	7	5	7	10	4	3	6	5	5
M15897J	2	3	2	4	3	2	9	5	3	4
M15915T	2	8	9	9	9	8	1	8	5	6
M15929Z	2	2	2	1	6	3	5	2	4	4
M15930S	2	7	8	7	8	7	1	7	8	6
M15932U	2	6	5	6	6	5	7	9	1	4
M15938A	2	10	9	7	7	9	8	9	10	4
M15951X	2	10	9	9	9	9	5	9	7	4
M15980C	2	9	7	7	8	6	9	7	8	4
M15995K	2	9	8	9	10	9	2	5	7	3
M16000M	2	8	7	6	7	6	9	3	8	4
M16004R	2	2	2	4	3	1	9	1	6	4
M16009W	2	2	2	5	3	2	4	3	1	4
M16010P	2	4	3	5	4	5	4	2	10	4
M16024V	2	7	5	7	7	4	6	4	10	4
M16051Y	2	9	9	10	10	9	1	6	9	6
M16054B	2	2	2	2	2	2	3	6	8	4
M16063C	2	7	7	6	6	5	7	6	8	4
M16064D	2	4	3	4	4	4	9	7	6	4
M16084H	2	4	4	4	5	4	9	3	3	4
M16121V	2	10	9	10	9	10	9	7	6	4
M16129D	2	4	3	5	5	2	9	4	3	4
M16141Z	2	8	7	9	10	5	4	7	2	4
M16148G	2	3	3	3	5	3	9	2	1	4
M16184L	2	2	1	3	2	1	8	8	5	4
M16211W	2	1	2	1	2	2	4	7	5	4
M16223A	2	6	9	5	4	7	8	9	1	4
M16302Y	2	3	2	2	9	4	5	1	4	2
M16346L	2	9	9	10	10	9	2	7	6	3
M16366Q	2	8	7	6	9	6	5	6	10	4
M16368S	2	9	8	10	7	10	3	10	8	4
M16386U	2	3	2	2	8	1	7	5	4	4
M16435L	2	2	2	2	2	2	3	6	8	4
M16441J	2	4	4	3	5	3	9	1	1	4
M16444M	2	9	9	10	10	9	2	9	6	6
M16463Q	2	1	1	1	2	1	6	7	9	4
M16530J	2	9	9	10	9	9	1	6	7	3
M16568Y	2	4	3	3	5	4	8	5	2	4
M16579B	2	7	6	4	8	7	9	4	6	4
M16638V	2	3	3	2	5	2	4	6	8	5
M16652T	2	5	4	6	7	4	5	2	9	4
M16687E	2	2	1	2	1	2	5	7	4	4
M16694D	2	3	2	2	2	5	6	3	9	4
M16703M	2	8	7	6	7	6	9	3	8	4
M16707R	2	4	3	3	5	4	5	6	2	4
M16742U	2	3	4	4	5	4	3	2	2	4
M16775D	2	7	5	6	5	6	8	6	7	4
M16778G	2	1	2	1	2	2	4	7	5	4
M16807U	2	9	10	9	9	9	2	8	6	6
M16810P	2	2	2	2	1	2	8	8	8	4
M16814T	2	3	2	3	4	2	4	5	4	4
M16815U	2	2	1	3	2	1	8	8	5	4
M16817W	2	9	8	8	10	6	7	7	2	4
M16825W	2	9	10	10	10	10	3	9	1	5
M16838B	2	9	8	8	8	9	6	10	2	4
M16843Y	2	7	6	4	8	7	9	4	6	4
M16851Y	2	9	10	10	5	9	3	10	6	4
M16855C	2	2	3	1	2	7	9	3	3	4
M16860Z	2	4	4	3	4	4	3	8	8	6
M16867G	2	9	7	7	8	6	9	7	8	4
M16876H	2	4	4	4	8	7	1	3	5	3
M16886K	2	5	6	5	5	6	5	2	3	4
M16891G	2	7	7	6	9	8	1	6	8	6
M16901R	2	2	2	1	3	2	9	5	2	4
M16905V	2	4	3	4	4	4	9	7	6	4
M16911T	2	4	4	3	4	4	3	8	7	5
M16918A	2	10	10	10	10	10	6	10	7	4
M16944C	2	3	3	3	6	2	4	7	8	4
M16951B	2	4	4	4	6	6	2	3	7	2
M16966J	2	10	10	10	9	10	3	10	10	5
M16975K	2	2	2	2	3	3	5	2	6	4
M16997R	2	10	10	10	5	9	5	8	5	5
M17008Z	2	3	2	3	2	3	9	1	4	4
M17011U	2	5	6	6	1	8	9	7	2	4
M17015Y	2	6	9	8	4	6	2	6	1	6
M17016Z	2	6	7	8	9	6	2	1	4	3
M17019C	2	6	8	7	7	7	1	4	5	3
M17021W	2	3	2	3	5	4	4	7	8	6
M17043C	2	2	2	2	3	4	7	1	10	4
M17087Q	2	8	7	8	9	7	1	8	9	6
M17097S	2	2	3	1	3	4	5	3	6	4
M17099U	2	4	4	4	2	5	6	8	4	4
M17108C	2	3	3	2	5	2	4	6	8	5
M17113Z	2	10	9	10	10	10	7	10	4	4
M17177R	2	10	10	9	10	10	4	10	5	5
M17222D	2	9	8	8	10	6	7	7	2	4
M17230D	2	8	9	9	9	8	1	8	5	6
M17263N	2	2	1	3	2	1	8	8	5	4
M17274R	2	2	2	2	3	1	9	1	1	4
M17334L	2	9	9	9	6	8	2	9	10	4
M17338Q	2	1	1	1	3	1	8	1	7	5
M17352N	2	2	3	4	4	1	4	1	5	4
M17361P	2	6	7	9	6	5	3	4	2	5
M17366U	2	2	2	2	2	1	9	2	6	4
M17375V	2	8	10	10	7	10	1	10	8	4
M17395Z	2	5	6	5	2	3	8	8	6	4
M17398C	2	7	8	9	3	8	3	8	8	5
M17400D	2	8	9	9	6	6	4	5	3	4
M17401E	2	2	2	5	3	2	4	3	1	4
M17414K	2	5	3	5	8	5	3	3	8	4
M17440M	2	9	10	9	7	10	3	10	3	6
M17497E	2	5	4	5	9	6	4	3	6	4
M17513M	2	10	10	10	10	10	6	10	8	4
M17539X	2	6	8	7	3	4	5	8	2	4
M17576C	2	2	2	2	2	1	9	2	6	4
M17584C	2	4	4	4	6	3	8	7	2	4
M17594E	2	3	3	3	3	2	9	9	2	4
M17623S	2	8	10	10	3	9	2	9	6	6
M17677G	2	6	7	7	3	5	2	6	9	6
M17699N	2	1	1	1	3	1	9	1	4	4
M17710Q	2	2	2	2	2	1	9	2	6	4
M17720S	2	7	9	7	4	5	3	8	6	5
M17733X	2	3	2	4	2	2	3	6	3	1
M17760A	2	8	8	10	9	8	2	4	3	6
M17763D	2	10	8	9	10	10	6	10	2	5
M17774G	2	7	5	7	10	4	3	6	5	5
M17780E	2	1	1	2	4	1	8	6	10	4
M17813W	2	8	7	6	7	6	9	3	8	4
M17855G	2	4	4	4	8	7	1	3	5	3
M17860D	2	6	6	7	6	6	2	5	3	5
M17867L	2	5	6	4	3	4	5	9	6	4
M17870F	2	10	10	10	10	9	8	10	10	4
M17875L	2	1	1	1	3	1	8	1	7	5
M17918E	2	4	3	4	3	4	5	6	8	5
M17933D	2	2	2	1	3	1	6	7	4	4
M17960G	2	1	1	3	3	1	9	1	5	4
M17961H	2	5	3	5	4	4	9	3	7	4
M18003Y	2	7	9	8	1	7	5	8	10	4
M18016D	2	2	3	3	2	2	2	3	2	4
M18017E	2	2	1	3	2	1	8	8	5	4
M18033E	2	5	4	5	4	7	9	3	6	4
M18063L	2	10	8	9	10	9	7	9	7	4
M18083Q	2	1	1	2	3	1	6	4	1	4
M18136L	2	5	3	5	4	4	9	3	7	4
M18138N	2	9	10	9	7	10	1	10	9	6
M18152L	2	2	2	2	2	2	8	4	4	4
M18188Y	2	8	6	7	7	9	4	5	9	4
M18224K	2	3	5	5	1	4	3	6	3	4
M18243N	2	3	2	4	2	2	3	6	3	1
M18259W	2	4	2	3	4	4	9	3	5	4
M18264T	2	2	2	3	2	1	8	9	7	4
M18273U	2	10	9	9	10	10	2	9	9	5
M18277Y	2	1	1	1	1	1	4	3	9	4
M18278Z	2	1	1	1	1	1	9	4	10	5
M18288B	2	3	3	4	3	5	5	1	10	5
M18290V	2	2	3	2	2	6	2	4	9	5
M18321K	2	9	7	7	9	9	4	8	6	2
M18331M	2	5	5	5	8	4	4	3	1	4
M18337T	2	1	1	1	1	1	9	5	8	4
M18339V	2	6	8	8	1	6	9	10	7	4
M18348W	2	2	2	1	3	1	6	7	4	4
M18361T	2	3	3	3	3	2	9	9	2	4
M18366Y	2	5	4	6	7	4	5	2	9	4
M18368A	2	10	10	10	7	10	3	10	5	5
M18371V	2	6	9	8	4	6	2	6	1	6
M18376A	2	1	1	1	4	1	7	2	2	4
M18378C	2	1	1	2	2	1	9	2	2	4
M18398G	2	9	7	8	6	9	9	4	9	4
M18410K	2	1	1	2	1	1	9	1	4	4
M18441S	2	7	7	8	8	7	1	5	10	3
M18443U	2	3	5	3	4	3	3	5	4	5
M18491C	2	10	9	9	10	10	4	8	3	5
M18494F	2	4	4	4	5	2	2	3	5	6
M18495G	2	9	7	8	4	10	9	5	9	4
M18507T	2	1	1	1	1	1	9	5	8	4
M18534W	2	2	2	2	2	2	8	4	4	4
M18542W	2	3	2	3	5	3	9	3	2	4
M18554A	2	10	9	10	10	8	3	8	4	5
M18555B	2	1	1	1	1	1	9	5	8	4
M18636B	2	1	1	1	1	1	9	1	3	4
M18648F	2	10	10	9	10	9	9	9	6	4
M18676K	2	9	6	9	8	7	8	9	5	5
M18713X	2	5	5	5	8	4	4	3	1	4
M18716A	2	3	4	4	3	2	2	7	5	4
M18737F	2	4	4	6	3	2	7	3	4	5
M18776N	2	9	7	7	9	6	9	6	4	4
M18787R	2	8	7	9	10	5	4	7	2	4
M18815C	2	1	2	1	2	2	4	7	5	4
M18817E	2	1	1	2	6	1	9	5	9	4
M18861J	2	3	2	4	2	2	3	6	3	1
M18882P	2	2	1	2	5	1	9	4	2	4
M18884R	2	7	7	8	6	9	2	3	8	6
M18894T	2	7	9	7	5	5	6	10	1	4
M18896V	2	3	2	3	5	4	4	7	8	6
M18923F	2	5	5	5	8	4	4	3	1	4
M18939P	2	1	1	1	1	1	4	3	9	4
M18951K	2	1	1	2	3	1	6	4	1	4
M19009J	2	7	7	6	3	9	8	6	7	4
M19053N	2	1	1	1	4	1	7	2	2	4
M19058T	2	10	10	8	10	10	3	10	4	4
M19081S	2	3	2	4	3	2	9	5	3	4
M19088Z	2	10	10	10	9	10	6	9	9	4
M19096Z	2	10	10	10	9	10	6	10	10	5
M19118N	2	2	1	3	5	2	3	2	7	4
M19122J	2	9	8	8	5	6	9	7	4	4
M19153R	2	1	1	2	1	1	9	1	4	4
M19154S	2	4	4	3	3	5	9	4	1	4
M19203J	2	4	6	4	2	4	4	7	1	4
M19233Q	2	8	9	9	6	6	4	5	3	4
M19299J	2	7	6	6	9	5	9	4	2	4
M19307R	2	7	7	7	5	7	3	8	5	4
M19309T	2	7	7	9	3	9	3	8	2	6
M19321P	2	2	2	1	7	1	9	3	7	4
M19334U	2	7	7	9	4	9	3	3	7	4
M19342U	2	10	9	10	8	9	5	6	8	6
M19372A	2	3	3	2	4	6	6	1	8	4
M19373B	2	1	1	2	7	1	9	3	9	4
M19387H	2	10	10	10	9	10	3	10	10	5
M19402P	2	5	3	5	8	5	7	4	3	4
M19447C	2	9	6	9	8	7	8	9	5	5
M19467G	2	7	6	6	9	5	9	4	2	4
M19473E	2	1	1	3	1	1	8	2	7	4
M19476H	2	7	7	6	6	5	7	6	8	4
M19525Z	2	1	1	1	2	1	7	2	2	4
M19535B	2	9	10	10	7	9	2	9	7	4
M19556G	2	6	6	4	7	7	4	7	2	4
M19567K	2	10	8	9	10	9	7	9	7	4
M19580G	2	9	10	10	10	9	1	7	3	6
M19587P	2	9	9	8	9	8	3	6	8	4
M19599T	2	8	6	9	9	7	3	4	5	4
M19624B	2	1	1	2	7	1	9	3	9	4
M19648K	2	3	3	2	5	2	4	6	8	5
M19661G	2	8	7	6	7	6	9	3	8	4
M19662H	2	2	2	2	1	2	8	8	8	4
M19677Q	2	2	2	2	2	2	3	6	8	4
M19678R	2	10	10	10	9	9	5	10	9	4
M19690M	2	4	3	5	4	5	5	2	7	4
M19704A	2	8	7	8	9	7	1	8	9	6
M19736J	2	3	2	2	9	4	5	1	4	2
M19764N	2	5	4	6	7	4	5	2	9	4
M19800Z	2	6	6	9	5	6	2	2	6	3
M19820D	2	10	9	9	9	8	8	9	7	4
M19850K	2	7	6	8	7	5	3	4	4	5
M19854P	2	9	9	9	6	8	2	9	10	4
M19867U	2	2	2	2	1	4	9	3	6	4
M19875U	2	10	9	9	9	8	8	9	7	4
M19909M	2	10	10	10	8	8	6	10	9	4
M19915K	2	9	8	9	10	9	2	5	7	3
M19922J	2	1	1	1	1	1	8	7	9	4
M19942N	2	5	5	6	3	6	3	3	8	4
M19947T	2	10	9	9	10	9	7	9	7	4
M19970S	2	3	2	4	3	2	9	5	3	4
M19972U	2	8	8	10	9	8	2	4	3	6
M19979B	2	5	6	7	5	4	4	4	1	4
M19980U	2	3	3	2	4	4	9	5	3	4
M19995B	2	10	8	7	9	10	8	9	8	4
M20007Z	2	2	2	2	2	2	8	4	4	4
M20008A	2	2	3	2	2	2	2	6	9	6
M20026C	2	4	3	2	3	7	9	5	10	4
M20036E	2	1	1	4	6	1	9	1	1	4
M20037F	2	2	2	1	6	3	5	2	4	4
M20041B	2	6	6	6	7	6	2	2	7	6
M20042C	2	1	1	1	3	1	8	1	7	5
M20062G	2	9	6	9	8	7	8	9	5	5
M20082L	2	4	4	3	4	4	3	8	7	5
M20096S	2	2	2	3	2	1	8	9	7	4
M20111Y	2	7	6	6	9	6	8	3	1	4
M20125E	2	4	3	3	9	4	6	2	3	4
M20138K	2	4	5	4	3	6	2	6	6	4
M20157N	2	5	4	4	8	3	7	7	9	4
M20163L	2	2	2	1	6	3	5	2	4	4
M20200Y	2	4	7	9	1	8	9	2	1	4
M20223F	2	8	7	8	10	5	8	6	2	4
M20236L	2	6	6	5	8	8	2	2	7	2
M20251K	2	7	10	9	10	8	1	6	7	6
M20259T	2	10	9	9	10	10	2	9	9	5
M20265R	2	10	10	10	10	10	5	9	3	4
M20292U	2	3	3	3	6	2	4	7	8	4
M20311E	2	4	3	4	5	3	8	1	10	5
M20313G	2	10	10	10	8	8	6	10	9	4
M20345Q	2	2	3	3	2	2	2	3	2	4
M20362R	2	10	10	10	10	10	9	10	7	4
M20394Z	2	7	7	8	3	6	3	7	9	5
M20415M	2	4	5	5	4	5	2	3	2	6
M20442Q	2	6	7	8	2	5	3	2	5	4
M20447V	2	2	3	3	2	2	2	3	2	4
M20450Q	2	2	2	5	4	1	4	7	1	4
M20459Z	2	7	6	4	8	7	9	4	6	4
M20468A	2	4	3	4	5	3	8	1	10	5
M20474Y	2	10	10	10	9	10	6	9	9	4
M20476A	2	2	3	2	2	2	2	6	9	6
M20509S	2	8	7	6	9	6	5	6	10	4
M20511L	2	10	9	7	7	9	8	9	10	4
M20532R	2	9	10	9	5	8	6	6	5	4
M20545W	2	8	7	9	6	4	9	7	2	4
M20546X	2	9	7	8	10	7	4	4	8	5
M20564Z	2	9	6	9	7	8	7	8	8	4
M20575C	2	6	6	5	7	8	2	3	9	3
M20576D	2	2	2	2	4	3	6	5	5	5
M20586F	2	2	2	3	3	1	8	3	10	4
M20589J	2	3	5	5	1	4	3	6	3	4
M20602N	2	4	3	3	9	4	6	2	3	4
M20609V	2	10	10	10	10	10	3	8	5	4
M20614S	2	3	3	3	2	4	7	4	9	4
M20629Z	2	7	10	9	10	8	1	6	7	6
M20630S	2	4	4	5	7	4	1	1	8	6
M20640U	2	10	10	10	10	10	9	8	7	4
M20644Y	2	7	5	7	7	4	6	4	10	4
M20649D	2	9	9	10	9	9	2	9	10	6
M20665D	2	10	10	10	10	10	7	10	3	4
M20678J	2	3	4	2	4	4	4	6	9	6
M20688L	2	2	1	3	5	2	3	2	7	4
M20691F	2	10	10	10	9	10	7	9	8	4
M20708X	2	9	10	7	9	6	7	10	2	4
M20723W	2	3	3	4	5	1	5	2	8	4
M20734Z	2	4	5	4	3	6	2	6	6	4
M20744B	2	6	6	5	9	6	3	3	5	2
M20745C	2	9	8	9	10	9	2	5	7	3
M20750Z	2	4	4	3	4	4	3	8	7	5
M20765G	2	4	3	4	4	4	9	7	6	4
M20768K	2	2	1	2	3	2	6	2	10	4
M20770D	2	10	10	10	6	10	4	10	7	5
M20779N	2	6	6	3	6	5	6	7	6	4
M20794M	2	3	2	4	2	2	9	5	2	4
M20802U	2	3	2	4	3	2	9	5	3	4
M20816A	2	8	7	9	6	5	4	4	9	4
M20818C	2	9	7	7	9	6	9	6	4	4
M20819D	2	10	10	10	9	10	6	9	9	4
M20822Y	2	2	1	2	5	1	9	4	2	4
M20828E	2	7	8	8	6	5	5	6	2	5
M20837F	2	8	8	7	9	8	2	9	4	4
M20841B	2	4	4	4	5	2	2	3	5	6
M20848J	2	7	7	8	3	8	7	6	3	4
M20883M	2	4	4	6	7	2	5	6	1	1
M20887R	2	6	7	8	2	5	3	2	5	4
M20897T	2	4	4	4	8	7	1	3	5	3
M20902X	2	6	4	5	8	8	3	3	9	4
M20910X	2	2	2	1	2	3	6	5	10	4
M20918F	2	5	4	5	7	3	5	4	10	5
M20927G	2	10	8	8	10	8	9	6	4	4
M20939L	2	7	7	8	8	7	1	5	10	3
M20944H	2	3	2	2	8	1	7	5	4	4
M20952H	2	5	4	5	4	7	9	3	6	4
M21009F	2	1	1	1	1	1	6	4	5	4
M21036J	2	8	8	7	9	8	2	9	4	4
M21038L	2	4	4	4	5	3	6	5	1	4
M21056N	2	2	3	2	2	4	6	7	6	4
M21061K	2	10	9	10	8	9	5	6	8	6
M21065P	2	2	2	1	3	1	6	7	4	4
M21072N	2	8	7	8	9	7	1	8	9	6
M21091R	2	2	2	2	2	3	5	8	6	6
M21135L	2	9	9	9	6	8	2	9	10	4
M21156R	2	3	3	3	8	2	5	7	3	4
M21200C	2	1	1	2	1	2	7	5	10	4
M21215K	2	5	4	5	9	6	2	1	8	5
M21219P	2	2	2	2	1	2	8	8	8	4
M21235P	2	3	2	3	4	2	5	5	9	5
M21282W	2	4	4	4	6	3	8	7	2	4
M21326R	2	1	1	1	1	1	9	3	7	5
M21330M	2	7	7	6	6	5	7	6	8	4
M21332P	2	6	6	6	8	7	2	2	9	6
M21355W	2	4	4	4	2	5	6	8	4	4
M21375A	2	10	10	10	10	10	5	10	3	4
M21377C	2	10	8	9	10	9	9	6	9	4
M21381Y	2	10	10	10	8	10	9	2	9	4
M21384B	2	5	6	6	5	7	1	4	7	3
M21388F	2	2	2	2	6	2	9	3	1	4
M21391A	2	2	2	2	5	3	4	2	4	4
M21412N	2	7	5	7	7	4	6	4	10	4
M21419V	2	8	7	8	7	6	7	8	5	4
M21429X	2	6	6	4	7	7	4	7	2	4
M21435V	2	3	3	6	2	3	9	1	3	4
M21467D	2	5	6	6	8	2	7	1	9	4
M21577J	2	7	6	6	4	10	4	9	8	4
M21581E	2	1	2	1	1	2	8	4	6	4
M21582F	2	2	2	2	2	2	8	4	4	4
M21584H	2	5	5	3	5	9	7	8	4	4
M21585J	2	8	7	8	9	7	1	8	9	6
M21587L	2	7	6	7	7	4	9	4	2	4
M21639F	2	6	9	8	4	6	2	6	1	6
M21660C	2	2	2	4	2	2	6	1	7	4
M21698S	2	10	10	10	10	10	6	10	8	4
M21714Z	2	2	3	2	2	4	7	3	5	4
M21717C	2	4	3	3	3	4	5	8	4	4
M21758M	2	2	2	1	6	3	5	2	4	4
M21763J	2	7	7	8	9	7	2	3	9	6
M21766M	2	2	2	5	4	1	4	7	1	4
M21780K	2	2	1	2	2	2	9	4	6	4
M21784P	2	10	10	10	7	10	7	10	8	4
M21823D	2	3	2	3	5	4	4	7	8	6
M21831D	2	4	4	4	6	3	8	7	2	4
M21863M	2	9	7	8	7	7	9	8	3	4
M21872N	2	9	9	8	6	10	4	10	9	4
M21875R	2	3	2	4	4	3	8	5	2	4
M21887V	2	10	10	10	10	9	5	10	3	4
M21911C	2	4	4	3	2	6	4	6	6	4
M21914F	2	10	10	9	10	10	4	10	5	5
M21922F	2	9	7	8	7	7	9	8	3	4
M21952M	2	9	7	7	9	10	4	9	9	4
M21954P	2	6	5	7	6	7	5	2	3	4
M21957S	2	5	5	4	6	5	9	6	1	4
M21968V	2	8	7	9	6	4	9	7	2	4
M22004E	2	7	7	7	8	3	7	6	4	4
M22017K	2	6	9	8	4	6	2	6	1	6
M22025K	2	2	1	3	5	2	3	2	7	4
M22026L	2	8	9	6	4	9	6	9	6	4
M22047R	2	1	1	1	2	1	7	2	2	4
M22060N	2	3	3	4	6	1	9	1	9	4
M22063R	2	4	5	4	3	6	2	6	6	4
M22067V	2	7	7	8	6	5	9	5	1	4
M22100D	2	7	9	8	1	7	5	8	10	4
M22103G	2	6	8	7	3	4	5	8	2	4
M22123L	2	6	8	8	3	5	3	6	2	5
M22130K	2	10	10	10	10	10	6	10	4	4
M22144R	2	2	2	1	3	1	6	7	4	4
M22149W	2	7	7	8	6	9	2	3	8	6
M22177A	2	3	3	6	2	3	9	1	3	4
M22181W	2	4	3	4	3	4	5	6	8	5
M22188D	2	6	5	5	4	6	6	7	7	4
M22216Q	2	2	3	2	2	6	2	4	9	5
M22219T	2	1	1	1	1	1	4	3	9	4
M22222N	2	9	8	8	10	6	7	7	2	4
M22267B	2	6	5	7	5	2	9	9	8	4
M22272Y	2	5	5	9	9	3	4	2	1	4
M22283B	2	5	3	5	4	4	9	3	7	4
M22286E	2	10	10	10	9	9	5	10	9	4
M22295F	2	10	9	9	8	9	3	8	10	4
M22296G	2	4	4	4	4	5	9	1	8	5
M22300K	2	2	3	2	1	3	9	5	6	4
M22361Y	2	2	2	2	2	3	5	8	6	6
M22418Y	2	9	9	8	9	8	5	10	4	4
M22427Z	2	1	1	1	3	1	6	7	3	4
M22437B	2	5	2	6	9	3	7	8	4	4
M22446C	2	1	1	2	1	2	7	2	3	4
M22448E	2	4	3	4	2	3	9	7	5	5
M22450Y	2	7	8	7	5	4	5	9	3	4
M22464E	2	10	10	10	8	8	6	10	9	4
M22470C	2	3	2	3	5	4	4	7	8	6
M22472E	2	10	10	10	10	10	9	10	6	4
M22478L	2	1	1	1	4	1	7	2	2	4
M22482G	2	9	9	10	9	9	2	9	10	6
M22511U	2	4	5	4	3	6	2	6	6	4
M22576M	2	5	5	4	4	4	8	8	2	4
M22581J	2	2	2	3	3	1	4	3	4	4
M22586P	2	7	7	10	9	2	7	2	3	4
M22602W	2	9	8	8	5	6	9	7	4	4
M22611X	2	8	6	9	9	7	3	4	5	4
M22640C	2	3	2	4	7	3	9	2	1	4
M22654J	2	9	10	9	7	4	5	6	10	4
M22722D	2	9	10	9	7	10	1	9	5	6
M22725G	2	5	4	6	7	3	6	5	9	4
M22730D	2	8	6	6	10	7	5	8	6	4
M22734H	2	8	7	8	5	9	5	5	5	4
M22760K	2	2	3	3	2	2	2	3	2	4
M22796X	2	5	6	6	1	8	9	7	2	4
M22810C	2	10	10	10	10	10	2	10	8	4
M22828N	2	7	7	7	5	7	3	8	5	4
M22852N	2	1	2	1	2	2	4	7	5	4
M22865T	2	4	3	4	3	4	5	6	8	5
M22866U	2	4	4	4	5	3	6	5	1	4
M22887Z	2	4	4	4	5	2	2	3	5	6
M22894Y	2	4	2	3	4	4	9	3	5	4
M22927Q	2	6	7	8	2	5	3	2	5	4
M22939U	2	1	1	2	2	1	9	2	2	4
M22955U	2	6	6	5	5	4	5	8	7	4
M22959Y	2	3	2	2	2	5	6	3	9	4
M22966X	2	9	7	6	8	10	7	7	8	4
M22990X	2	9	7	8	7	7	9	8	3	4
M22993A	2	7	7	7	9	8	2	2	7	3
M23029T	2	9	8	9	10	9	2	5	7	3
M23040N	2	3	3	2	5	2	4	6	8	5
M23047V	2	2	2	2	2	2	3	6	8	4
M23091Z	2	2	2	2	4	2	4	4	6	5
M23098G	2	9	9	10	9	9	2	9	10	6
M23126T	2	8	7	7	9	7	5	6	3	5
M23131Q	2	5	5	5	10	8	1	2	5	3
M23140R	2	3	2	2	8	1	7	5	4	4
M23162X	2	3	2	3	5	4	4	7	8	6
M23176D	2	2	1	2	4	3	6	7	3	4
M23224U	2	1	1	1	1	1	9	5	8	4
M23238A	2	8	7	6	9	6	5	6	10	4
M23242W	2	10	10	10	10	10	4	10	6	5
M23256C	2	3	3	3	4	4	6	8	2	5
M23267F	2	6	4	4	8	6	9	6	5	4
M23273D	2	4	4	3	5	3	8	8	4	4
M23285H	2	1	1	3	5	1	8	1	1	4
M23293H	2	10	8	9	10	9	7	9	7	4
M23303S	2	10	10	10	7	10	3	10	5	5
M23304T	2	10	10	10	9	9	5	10	9	4
M23308X	2	3	2	2	5	3	7	2	4	4
M23317Y	2	9	9	10	9	9	2	9	10	6
M23349G	2	10	10	10	7	10	7	10	8	4
M23351A	2	6	6	4	7	7	4	7	2	4
M23384K	2	10	10	10	9	9	9	10	1	4
M23415Z	2	1	1	1	1	1	9	8	5	4
M23447H	2	10	9	9	7	10	9	9	9	4
M23452E	2	2	2	1	2	3	6	5	10	4
M23475M	2	2	2	2	4	2	4	4	6	5
M23478Q	2	7	7	8	7	8	1	4	9	3
M23496S	2	1	1	1	4	1	9	1	3	4
M23498U	2	8	6	9	9	7	3	4	5	4
M23508D	2	7	7	8	3	8	7	6	3	4
M23520Z	2	4	4	3	4	4	3	8	7	5
M23529J	2	2	2	2	2	2	3	6	8	4
M23547L	2	9	10	9	7	4	5	6	10	4
M23556M	2	1	1	2	4	1	9	1	2	4
M23563L	2	8	9	9	9	8	1	8	5	6
M23579U	2	7	7	8	9	7	2	3	9	6
M23581N	2	5	3	5	8	5	3	3	8	4
M23598X	2	2	1	2	5	1	9	4	2	4
M23601Z	2	10	10	10	9	10	3	10	10	4
M23656Q	2	10	10	10	9	9	5	10	9	4
M23689Z	2	2	3	2	1	5	7	2	1	4
M23722H	2	10	9	9	7	10	9	9	3	5
M23798D	2	4	4	3	5	3	9	2	4	4
M23836S	2	4	7	7	2	4	2	3	5	4
M23857X	2	1	1	1	2	1	7	1	1	4
M23858Y	2	1	1	1	4	1	7	2	2	4
M23873X	2	8	9	9	9	8	1	8	5	6
M23889F	2	10	10	10	7	6	6	7	5	4
M23893B	2	5	4	6	7	3	6	5	9	4
M23914P	2	3	2	4	5	2	4	7	6	4
M23928V	2	3	3	3	3	2	9	9	2	4
M23977E	2	10	9	9	9	8	8	9	7	4
M23980Z	2	1	1	1	1	1	9	5	8	4
M24011M	2	6	5	6	5	5	9	4	2	4
M24020N	2	7	8	6	8	7	3	9	3	4
M24033T	2	10	9	7	7	9	8	9	10	4
M24040S	2	6	9	8	4	6	2	6	1	6
M24069F	2	9	7	8	10	8	7	3	10	4
M24081B	2	1	1	1	3	1	6	7	3	4
M24119Y	2	3	2	4	2	2	9	5	2	4
M24128Z	2	3	3	2	2	5	4	4	10	5
M24158F	2	10	9	9	8	9	3	8	10	4
M24160Z	2	9	9	10	10	9	2	7	6	3
M24171C	2	8	10	9	3	10	2	10	6	5
M24188M	2	3	3	2	4	6	6	1	8	4
M24226A	2	9	7	7	10	9	6	3	9	5
M24243B	2	3	4	2	4	4	4	6	9	6
M24274J	2	3	2	4	3	2	9	5	3	4
M24275K	2	6	7	7	3	5	2	6	9	6
M24290J	2	9	9	9	7	9	5	9	1	4
M24344F	2	5	5	4	4	4	7	4	9	4
M24407D	2	4	5	5	4	2	7	1	5	4
M24425F	2	9	7	7	9	6	9	6	4	4
M24440E	2	5	5	4	4	4	9	6	5	4
M24458Q	2	6	7	8	5	10	1	8	10	6
M24468S	2	1	1	1	2	1	7	2	2	4
M24473P	2	5	5	6	3	3	9	4	7	4
M24477T	2	5	6	5	2	3	8	8	6	4
M24518K	2	7	8	5	8	10	1	9	7	4
M24565S	2	9	9	9	9	8	2	6	8	5
M24574T	2	3	3	2	5	2	4	6	8	5
M24590T	2	2	2	2	3	4	7	1	10	4
M24598B	2	9	9	10	9	9	2	9	10	6
M24621H	2	9	9	9	7	9	5	9	1	4
M24622J	2	1	1	1	2	1	7	2	2	4
M24635P	2	4	4	3	4	4	3	8	7	5
M24636Q	2	6	9	8	4	6	2	6	1	6
M24662S	2	8	6	6	10	7	5	8	6	4
M24689D	2	7	7	8	3	8	7	6	3	4
M24724P	2	7	5	6	10	8	2	8	5	5
M24739W	2	6	9	5	4	7	8	9	1	4
M24742R	2	7	8	8	8	9	1	2	7	3
M24755W	2	1	1	1	2	1	8	7	7	4
M24775A	2	1	1	3	1	1	8	2	7	4
M24780X	2	9	10	9	7	4	5	6	10	4
M24808S	2	7	8	9	10	9	1	3	5	3
M24813P	2	6	9	8	4	6	2	6	1	6
M24824S	2	4	3	4	4	4	9	7	6	4
M24903Q	2	4	5	3	2	4	5	6	3	4
M24914T	2	3	4	5	1	6	9	5	2	4
M24923U	2	10	9	8	10	10	7	10	8	5
M24926X	2	3	2	3	4	2	4	5	4	4
M24927Y	2	9	10	9	7	10	3	10	2	4
M24932V	2	1	1	1	1	1	7	1	1	4
M24947C	2	6	8	7	3	4	5	8	2	4
M24979L	2	3	4	3	5	3	3	7	2	4
M25007V	2	8	6	7	10	10	4	8	4	4
M25040W	2	3	3	3	6	2	4	7	8	4
M25043Z	2	6	6	5	9	6	3	3	5	2
M25058G	2	6	6	4	7	7	4	7	2	4
M25061B	2	5	6	4	2	5	9	7	7	4
M25082G	2	5	6	5	2	6	5	8	3	4
M25086L	2	8	8	6	7	4	5	10	8	4
M25101S	2	1	2	1	1	3	9	4	3	4
M25118B	2	5	5	6	4	5	2	5	7	5
M25130X	2	5	4	6	7	3	6	5	9	4
M25133A	2	9	8	9	10	9	2	5	7	3
M25152D	2	3	4	4	3	2	2	7	5	4
M25164H	2	3	3	2	2	2	6	7	9	4
M25205Z	2	3	3	2	4	6	6	1	8	4
M25219F	2	3	2	3	2	3	9	1	4	4
M25221Z	2	1	1	1	3	1	6	7	3	4
M25231B	2	9	7	7	9	6	9	6	4	4
M25244G	2	7	6	7	7	4	9	4	2	4
M25258N	2	1	1	1	3	1	6	7	3	4
M25288U	2	7	7	8	9	7	2	3	9	6
M25296U	2	7	7	6	6	5	7	6	8	4
M25326H	2	8	7	9	7	7	2	7	6	6
M25341G	2	10	10	9	8	9	6	10	3	4
M25365Q	2	6	7	7	3	5	2	6	9	6
M25373Q	2	6	8	7	3	4	5	8	2	4
M25400A	2	7	6	8	7	5	3	4	4	5
M25411D	2	3	2	3	3	3	9	3	1	4
M25416J	2	10	10	10	9	10	4	10	6	4
M25421F	2	5	4	5	9	6	4	3	6	4
M25426L	2	10	10	10	6	10	4	10	7	5
M25430G	2	3	5	2	2	3	3	8	8	6
M25452N	2	7	7	8	7	6	3	2	10	4
M25473T	2	5	5	5	4	8	3	6	6	5
M25511G	2	4	7	4	1	5	8	10	4	4
M25516M	2	2	3	2	1	2	9	2	8	4
M25549W	2	5	5	5	8	4	4	3	1	4
M25602J	2	6	6	3	6	5	6	7	6	4
M25614N	2	9	9	8	9	8	3	6	8	4
M25624Q	2	4	4	5	3	3	6	3	7	4
M25634S	2	8	8	8	9	8	2	7	4	4
M25683B	2	4	4	3	5	3	8	8	4	4
M25689H	2	10	10	10	10	10	4	10	6	5
M25695F	2	7	7	8	9	7	2	3	9	6
M25705Q	2	3	4	4	5	4	3	2	2	4
M25710M	2	3	3	2	5	2	4	6	8	5
M25722R	2	7	7	7	5	4	9	9	2	4
M25723S	2	8	7	6	7	6	6	4	9	1
M25724T	2	9	10	9	7	10	1	9	5	6
M25770Z	2	4	3	4	4	6	4	3	10	5
M25774D	2	2	2	3	2	1	9	2	4	4
M25796K	2	9	10	9	7	4	5	6	10	4
M25800N	2	8	7	8	9	7	3	6	3	5
M25808W	2	10	10	10	10	10	9	10	7	4
M25816W	2	1	1	1	1	1	4	3	9	4
M25826Y	2	2	1	3	3	2	9	5	3	4
M25830U	2	9	8	9	10	9	2	5	7	3
M25839D	2	2	2	2	4	2	4	2	10	1
M25856E	2	2	2	1	7	1	9	3	7	4
M25859H	2	3	3	2	5	2	4	6	8	5
M25867H	2	9	9	8	9	8	3	6	8	4
M25880E	2	7	6	7	9	7	2	4	6	6
M25899R	2	2	1	2	3	2	6	2	10	4
M25905W	2	6	4	4	7	7	8	6	6	4
M25909A	2	8	7	9	10	5	4	7	2	4
M25914X	2	9	8	9	9	6	3	8	5	6
M25930X	2	5	4	3	7	5	5	6	4	5
M25946F	2	4	4	3	4	4	3	8	7	5
M25952D	2	8	7	9	4	6	9	8	7	4
M25955G	2	10	10	10	5	9	5	8	5	5
M25969N	2	2	1	3	5	2	3	2	7	4
M25981J	2	10	10	10	10	10	6	10	8	4
M25988R	2	2	2	2	3	3	5	2	6	4
M26014Y	2	1	1	2	1	2	7	5	10	4
M26078Q	2	1	1	1	1	1	9	8	5	4
M26089T	2	4	3	5	7	5	3	2	4	4
M26104Z	2	6	9	6	5	10	2	6	1	4
M26116D	2	7	7	8	6	9	2	3	8	6
M26137J	2	9	6	9	7	8	7	8	8	4
M26138K	2	5	5	3	4	5	4	4	9	5
M26160H	2	2	2	3	3	1	4	3	4	4
M26171L	2	1	1	1	1	1	4	3	9	4
M26175Q	2	1	1	1	2	1	8	7	7	4
M26184R	2	8	9	9	6	6	4	5	3	4
M26199Y	2	6	8	8	1	6	9	10	7	4
M26218J	2	2	2	1	6	3	5	2	4	4
M26239P	2	8	7	8	6	6	6	6	10	4
M26244L	2	7	6	6	9	4	6	9	10	4
M26263P	2	5	5	5	5	4	9	5	1	4
M26265R	2	2	2	4	5	2	3	4	2	4
M26272Q	2	7	7	7	9	8	1	4	10	3
M26276U	2	8	7	8	9	8	3	3	7	5
M26282S	2	6	5	5	7	6	4	7	9	2
M26378Z	2	8	10	8	6	9	1	10	2	4
M26406L	2	5	4	3	7	5	5	6	4	5
M26414L	2	6	6	3	6	5	6	7	6	4
M26429T	2	2	1	2	3	2	6	2	10	4
M26443R	2	8	6	7	7	9	4	5	9	4
M26453T	2	2	1	2	1	2	9	6	7	4
M26463V	2	1	1	1	4	1	7	2	2	4
M26466Y	2	2	1	3	2	1	8	8	5	4
M26472W	2	2	2	2	2	3	5	8	6	6
M26488E	2	10	10	9	10	9	9	9	6	4
M26494C	2	6	9	8	4	6	2	6	1	6
M26499H	2	3	3	2	5	2	4	6	8	5
M26540R	2	3	3	3	3	4	7	7	2	4
M26555Y	2	8	7	9	6	4	9	7	2	4
M26613R	2	2	3	2	1	3	9	4	2	4
M26616U	2	2	3	1	3	4	5	3	6	4
M26658E	2	6	4	4	8	6	9	6	5	4
M26693H	2	5	4	6	7	4	5	2	9	4
M26703S	2	8	9	9	6	6	4	5	3	4
M26709Y	2	4	4	5	4	4	9	3	1	4
M26732X	2	3	3	3	6	2	4	7	8	4
M26782H	2	6	6	5	5	4	5	8	7	4
M26819D	2	1	1	1	2	1	7	2	2	4
M26838G	2	4	4	5	7	4	1	1	8	6
M26844E	2	10	10	10	10	9	4	10	7	4
M26848J	2	9	9	8	10	8	4	9	3	6
M26858L	2	7	7	7	9	8	1	4	10	3
M26873K	2	10	10	10	9	10	3	10	10	5
M26918F	2	5	6	4	3	4	5	9	6	4
M26924D	2	10	10	10	10	10	4	10	6	5
M26932D	2	3	2	4	2	2	3	6	3	1
M26942F	2	9	9	9	6	8	2	9	10	4
M26949N	2	10	9	9	7	10	9	9	3	5
M26960H	2	10	9	9	9	8	8	9	7	4
M26972M	2	3	2	4	2	2	9	5	2	4
M26981N	2	5	6	4	5	4	5	8	6	4
M26983Q	2	5	5	5	8	4	4	3	1	4
M26995U	2	10	10	10	7	6	6	7	5	4
M27033F	2	4	4	3	5	3	8	8	4	4
M27034G	2	1	1	2	4	1	9	1	2	4
M27050G	2	6	8	5	5	5	3	9	1	4
M27079V	2	4	3	5	2	4	9	4	2	4
M27098Y	2	4	3	4	5	4	7	3	2	4
M27105E	2	6	7	7	3	5	2	6	9	6
M27111C	2	3	3	2	2	5	4	4	10	5
M27114F	2	10	9	10	9	9	3	9	7	2
M27116H	2	4	5	5	4	2	7	1	5	4
M27119L	2	1	1	2	1	1	9	1	4	4
M27135L	2	8	7	8	5	9	5	5	5	4
M27140H	2	2	1	1	7	5	3	1	2	2
M27158T	2	4	4	3	6	3	9	8	5	4
M27185W	2	9	10	10	7	10	1	10	8	5
M27254S	2	8	9	9	9	8	1	8	5	6
M27291X	2	4	4	4	6	5	1	1	9	3
M27344T	2	6	5	6	5	5	9	4	2	4
M27351S	2	5	4	6	7	4	5	2	9	4
M27389G	2	5	4	4	7	4	7	6	2	4
M27396F	2	10	10	10	7	10	7	10	8	4
M27403M	2	2	2	2	3	3	5	2	6	4
M27445X	2	1	1	1	1	1	4	5	6	4
M27451V	2	1	1	1	3	1	6	7	3	4
M27480A	2	7	10	9	10	8	1	6	7	6
M27490C	2	10	9	7	7	9	8	9	10	4
M27570B	2	5	4	6	7	4	5	2	9	4
M27578K	2	4	4	4	5	4	9	3	3	4
M27579L	2	6	6	5	9	6	3	3	5	2
M27608Y	2	1	1	3	2	1	8	3	6	4
M27614W	2	2	2	3	2	1	8	9	7	4
M27617Z	2	8	7	8	7	8	2	6	7	6
M27634A	2	7	5	7	10	4	3	6	5	5
M27643B	2	5	4	5	7	3	5	4	10	5
M27650A	2	10	10	10	9	9	5	10	9	4
M27667K	2	10	10	10	10	10	9	10	6	4
M27704X	2	7	7	8	9	7	2	3	9	6
M27705Y	2	7	10	9	10	8	1	6	7	6
M27706Z	2	7	6	8	7	5	3	4	4	5
M27715A	2	3	4	4	2	3	3	5	5	5
M27761G	2	7	7	7	5	4	9	9	2	4
M27772K	2	7	10	9	10	8	1	6	7	6
M27782M	2	1	1	1	2	1	8	7	7	4
M27818G	2	6	5	4	6	4	9	8	5	4
M27833F	2	2	2	2	2	2	8	4	4	4
M27836J	2	9	9	9	6	8	2	9	10	4
M27837K	2	1	1	1	1	1	4	3	9	4
M27863M	2	2	2	2	2	2	3	6	8	4
M27871M	2	1	1	2	1	1	7	1	1	4
M27874Q	2	9	6	9	8	7	8	9	5	5
M27901A	2	1	1	1	2	4	3	2	1	4
M27970P	2	4	4	4	7	5	1	2	10	3
M27973S	2	1	1	1	1	1	4	3	9	4
M27984V	2	10	10	10	10	10	4	10	1	5
M27987Y	2	1	1	1	3	2	9	2	6	4
M27994X	2	2	4	4	1	3	3	7	4	5
M28025K	2	7	7	9	4	9	3	3	7	4
M28033K	2	2	1	2	1	2	9	6	7	4
M28059V	2	10	9	8	10	10	7	10	8	5
M28064S	2	2	2	1	1	4	9	1	8	4
M28070Q	2	2	2	3	2	1	8	9	7	4
M28081T	2	1	1	1	2	1	7	1	1	4
M28082U	2	10	10	10	10	10	9	10	5	4
M28111G	2	2	2	3	2	1	9	2	4	4
M28116M	2	8	7	6	7	6	6	4	9	1
M28131L	2	10	10	10	9	10	6	9	9	4
M28164V	2	2	2	1	7	1	9	3	7	4
M28175Y	2	5	7	3	4	6	5	5	5	4
M28191Y	2	2	1	3	2	1	8	8	5	4
M28199G	2	10	9	9	10	10	2	9	9	5
M28212L	2	8	6	9	9	7	3	4	5	4
M28215P	2	7	7	7	9	8	1	4	10	3
M28224Q	2	4	2	3	4	4	9	3	5	4
M28231P	2	4	4	4	5	2	2	3	5	6
M28274A	2	10	9	9	10	10	2	9	9	5
M28286E	2	6	7	7	3	5	2	6	9	6
M28289H	2	10	9	9	8	9	3	8	10	4
M28292C	2	3	3	3	3	4	7	7	2	4
M28303N	2	6	6	5	5	4	5	8	7	4
M28306R	2	7	7	5	4	7	7	8	4	4
M28316T	2	2	2	3	3	1	8	3	10	4
M28321Q	2	9	8	10	3	9	5	8	7	4
M28325U	2	4	5	3	5	6	2	8	9	6
M28345Y	2	4	4	4	4	3	5	6	5	4
M28347A	2	10	10	10	10	10	9	10	7	4
M28370Z	2	9	9	9	6	8	2	9	10	4
M28405T	2	2	2	3	3	1	4	3	4	4
M28410Q	2	6	8	7	3	4	5	8	2	4
M28412S	2	10	10	10	9	10	9	7	3	4
M28416W	2	5	3	5	8	5	3	3	8	4
M28419Z	2	5	5	4	4	4	8	8	2	4
M28443Z	2	10	8	9	10	10	6	10	2	5
M28452A	2	7	8	7	4	6	2	9	4	3
M28474G	2	1	1	2	4	1	9	1	2	4
M28481F	2	1	1	1	3	1	8	1	7	5
M28482G	2	4	4	3	4	4	3	8	7	5
M28483H	2	3	3	3	2	4	7	4	9	4
M28498Q	2	9	8	8	6	7	7	8	10	4
M28505W	2	2	3	2	4	2	9	1	7	1
M28520V	2	7	5	6	7	5	7	8	9	4
M28524Z	2	6	9	6	5	10	2	6	1	4
M28540Z	2	2	3	2	2	4	6	7	6	4
M28551C	2	10	10	10	10	10	4	10	6	5
M28563G	2	3	3	4	1	2	9	4	6	4
M28575L	2	6	6	4	7	7	4	7	2	4
M28591L	2	1	2	1	4	1	6	1	3	4
M28616C	2	6	5	7	5	2	9	9	8	4
M28642E	2	4	5	6	2	2	5	3	10	4
M28655K	2	2	2	2	3	3	5	2	6	4
M28684Q	2	6	7	5	6	5	3	8	3	4
M28703A	2	2	2	1	3	1	6	7	4	4
M28708F	2	7	6	7	7	4	9	4	2	4
M28717G	2	5	6	7	6	3	2	8	2	4
M28720B	2	2	1	4	5	2	9	2	1	4
M28740F	2	2	2	3	2	1	9	2	4	4
M28750H	2	7	6	8	7	5	3	4	4	5
M28752K	2	9	8	9	10	9	2	5	7	3
M28763N	2	6	4	4	8	6	9	6	5	4
M28832J	2	8	7	6	9	6	5	6	10	4
M28845P	2	2	3	2	2	6	2	4	9	5
M28848S	2	3	2	2	3	4	7	9	9	4
M28865T	2	7	7	7	5	7	3	8	5	4
M28886Y	2	9	9	9	6	8	2	9	10	4
M28900D	2	8	8	8	6	9	5	9	1	5
M28904H	2	10	10	9	8	9	6	10	3	4
M28935Q	2	2	2	2	2	3	5	8	6	6
M28991Y	2	2	2	2	1	3	5	8	4	4
M29016N	2	7	8	7	9	7	2	4	6	6
M29021K	2	3	2	4	3	2	9	5	3	4
M29022L	2	1	1	2	6	1	9	5	9	4
M29079D	2	1	1	1	2	1	7	2	2	4
M29090Y	2	1	1	2	3	1	9	3	4	4
M29093B	2	8	5	7	8	6	9	6	3	4
M29111L	2	2	1	2	4	2	9	2	7	4
M29116R	2	1	1	1	3	1	8	1	7	5
M29159C	2	5	4	6	7	4	5	2	9	4
M29161W	2	9	10	10	5	9	3	10	6	4
M29215T	2	2	3	2	2	4	6	7	6	4
M29216U	2	7	6	8	10	7	1	5	10	3
M29238A	2	1	1	2	4	1	9	1	2	4
M29254A	2	5	4	5	6	4	6	7	7	4
M29270A	2	8	10	10	3	9	2	9	6	6
M29273D	2	2	2	3	4	2	9	1	1	4
M29279K	2	1	1	2	4	1	9	1	2	4
M29296L	2	3	2	2	2	5	6	3	9	4
M29299P	2	10	10	10	10	10	2	10	8	4
M29308X	2	4	3	3	4	5	6	2	9	4
M29333Y	2	6	7	5	3	8	7	8	2	4
M29369L	2	3	3	3	2	5	4	5	7	4
M29385L	2	3	3	3	6	2	4	7	8	4
M29395N	2	2	1	2	5	1	9	4	2	4
M29397Q	2	1	1	2	1	1	9	1	4	4
M29399S	2	5	5	4	4	5	5	9	3	4
M29411V	2	2	3	3	3	1	5	4	6	5
M29423Z	2	3	3	4	3	3	4	1	5	5
M29436E	2	6	7	6	3	8	3	9	8	5
M29439H	2	10	10	10	10	9	8	10	10	4
M29448J	2	2	2	1	7	1	9	3	7	4
M29479R	2	10	10	10	10	10	6	10	8	4
M29533E	2	7	8	7	8	7	1	7	8	6
M29548M	2	10	9	9	10	10	2	9	9	5
M29560H	2	10	9	9	8	9	3	8	10	4
M29588V	2	2	2	2	2	2	3	6	8	4
M29610A	2	2	1	4	6	2	5	1	10	4
M29623F	2	3	3	1	4	6	3	6	6	4
M29647P	2	3	4	2	4	4	4	6	9	6
M29656Q	2	10	10	10	7	10	3	10	5	5
M29697Z	2	2	2	1	6	3	5	2	4	4
M29715J	2	9	8	6	5	8	9	9	10	4
M29754R	2	3	3	4	3	5	5	1	10	5
M29789C	2	6	7	9	6	5	3	4	2	5
M29806L	2	10	10	10	9	10	6	10	10	5
M29832N	2	2	2	2	3	2	7	3	2	4
M29843R	2	6	5	7	5	2	9	9	8	4
M29884A	2	6	5	7	5	2	9	9	8	4
M29897F	2	7	7	7	8	3	7	6	4	4
M29909S	2	4	3	3	4	6	7	6	7	4
M29938X	2	1	1	1	1	1	6	1	4	4
M29943U	2	10	10	9	10	10	4	10	5	5
M29950T	2	7	6	6	4	7	6	10	10	4
M29960V	2	2	1	2	5	1	9	4	2	4
M29962X	2	7	7	7	9	8	1	4	10	3
M29964Z	2	6	7	7	3	5	2	6	9	6
M29991C	2	8	6	8	6	6	9	6	3	4
M29996H	2	9	8	7	9	5	9	7	7	4
M30010Z	2	2	2	3	2	1	8	9	7	4
M30011A	2	10	10	9	7	10	5	10	7	4
M30012B	2	4	4	4	5	2	2	3	5	6
M30031E	2	2	2	5	4	1	4	7	1	4
M30036K	2	2	3	2	2	4	6	7	6	4
M30125K	2	4	4	3	4	4	3	8	7	5
M30137P	2	10	9	9	10	9	7	9	7	4
M30139R	2	2	1	3	3	2	9	5	3	4
M30151M	2	2	2	2	3	2	3	5	4	5
M30162Q	2	9	9	10	9	9	2	9	10	6
M30167V	2	2	2	2	3	4	4	5	7	5
M30171R	2	4	3	4	5	5	8	2	9	4
M30196A	2	9	8	7	10	7	7	10	6	4
M30199D	2	6	5	4	6	4	9	6	3	4
M30212H	2	10	9	10	9	7	9	5	4	4
M30226P	2	1	1	2	4	1	8	6	10	4
M30235Q	2	1	1	1	3	2	4	5	10	5
M30242P	2	1	1	1	1	1	8	7	9	4
M30261S	2	1	1	1	1	5	9	3	6	4
M30263U	2	2	2	3	2	1	8	9	7	4
M30280V	2	7	6	7	4	5	6	6	6	4
M30305M	2	5	5	4	7	5	6	2	2	4
M30307P	2	2	3	4	1	2	7	1	8	4
M30317R	2	8	7	8	8	5	6	6	3	4
M30344U	2	3	2	2	2	5	6	3	9	4
M30346W	2	9	9	10	10	9	2	7	6	3
M30407S	2	3	2	4	2	2	3	6	3	1
M30490D	2	4	3	3	4	6	7	6	7	4
M30521T	2	2	4	4	1	3	3	7	4	5
M30542Y	2	3	2	3	5	3	9	3	2	4
M30549F	2	7	7	8	7	6	3	2	10	4
M30552A	2	10	10	9	8	9	6	10	3	4
M30554C	2	2	2	2	2	2	3	6	8	4
M30559H	2	8	7	8	9	7	1	8	9	6
M30564E	2	9	10	10	10	10	3	9	1	5
M30574G	2	9	7	8	7	7	9	8	3	4
M30583H	2	2	2	2	4	2	4	4	6	5
M30585K	2	4	3	4	3	4	5	6	8	5
M30587M	2	9	7	8	6	9	9	4	9	4
M30593K	2	7	10	9	10	8	1	6	7	6
M30615Y	2	5	5	6	7	7	2	2	4	3
M30622X	2	8	7	6	7	6	6	4	9	1
M30623Y	2	10	10	10	10	10	2	10	8	4
M30644D	2	7	8	6	8	7	3	9	3	4
M30650B	2	8	7	8	9	7	1	8	9	6
M30671G	2	5	6	6	3	7	1	5	10	3
M30685N	2	8	7	8	9	7	1	8	9	6
M30721Z	2	5	5	3	5	9	7	8	4	4
M30730A	2	10	10	10	10	10	1	10	9	4
M30748L	2	9	9	8	6	10	4	10	9	4
M30788U	2	10	10	10	10	10	6	10	2	4
M30809G	2	4	2	3	4	4	9	3	5	4
M30852K	2	9	10	9	7	10	3	10	2	4
M30853L	2	9	10	9	9	9	2	8	6	6
M30859S	2	1	1	1	1	1	9	8	5	4
M30863N	2	2	2	1	3	1	6	7	4	4
M30912E	2	9	7	7	6	6	9	7	10	4
M30915H	2	5	4	6	7	3	6	5	9	4
M30938Q	2	4	7	7	2	4	2	3	5	4
M30977X	2	10	10	10	9	9	5	10	9	4
M31002D	2	3	3	4	6	1	9	1	9	4
M31029Q	2	5	4	4	7	4	7	6	2	4
M31058V	2	9	9	8	9	8	3	6	8	4
M31062R	2	10	10	9	10	10	4	10	5	5
M31063S	2	6	9	10	1	8	3	8	10	4
M31075W	2	6	9	5	4	7	8	9	1	4
M31086Z	2	10	10	10	10	10	6	10	7	4
M31096B	2	5	5	3	5	9	7	8	4	4
M31115M	2	1	1	1	2	1	8	7	7	4
M31131M	2	6	6	5	5	4	5	8	7	4
M31134Q	2	4	3	3	3	4	5	8	4	4
M31146U	2	9	8	8	10	6	7	7	2	4
M31149X	2	3	3	2	4	3	7	6	4	4
M31164W	2	3	5	5	1	4	3	6	3	4
M31195D	2	10	10	9	10	10	4	10	5	5
M31228V	2	7	6	8	8	6	2	4	7	2
M31241S	2	2	2	3	4	1	9	3	2	5
M31248Z	2	5	5	9	9	3	4	2	1	4
M31265A	2	6	9	8	4	6	2	6	1	6
M31287G	2	1	1	2	2	1	9	2	2	4
M31299L	2	4	3	4	3	3	9	6	3	4
M31300L	2	1	1	2	7	1	9	3	9	4
M31319X	2	4	4	3	5	3	9	2	4	4
M31327X	2	7	5	7	10	4	3	6	5	5
M31343X	2	7	7	8	6	5	9	5	1	4
M31346A	2	4	4	3	5	3	9	2	4	4
M31356C	2	1	1	1	2	1	9	1	1	4
M31359F	2	7	7	8	9	7	2	3	9	6
M31372C	2	1	1	1	1	2	9	2	2	4
M31430V	2	1	1	1	2	1	4	4	1	4
M31444B	2	3	3	2	2	5	4	4	10	5
M31490H	2	1	2	1	2	1	4	8	7	5
M31511V	2	2	2	1	6	3	5	2	4	4
M31519D	2	9	7	8	6	9	9	4	9	4
M31526C	2	3	2	4	2	2	3	6	3	1
M31530Y	2	2	2	2	6	2	9	3	1	4
M31560E	2	4	3	4	3	4	5	6	8	5
M31567M	2	10	10	10	8	9	2	9	8	6
M31584N	2	3	5	5	1	4	3	6	3	4
M31590L	2	4	5	6	4	5	2	1	9	6
M31591M	2	10	10	10	10	9	1	9	8	5
M31593P	2	5	4	5	5	6	3	9	4	4
M31624D	2	10	9	7	7	9	8	9	10	4
M31649N	2	8	6	8	9	9	9	5	2	5
M31678T	2	10	10	10	10	10	7	9	5	4
M31698X	2	2	1	2	2	2	9	4	6	4
M31700Y	2	10	10	10	6	10	4	10	7	5
M31702A	2	1	2	1	2	2	4	7	5	4
M31716G	2	10	10	10	10	10	6	10	7	4
M31745M	2	5	4	5	6	4	6	7	7	4
M31754N	2	4	3	4	4	4	9	7	6	4
M31780Q	2	7	6	7	7	4	9	4	2	4
M31790S	2	9	8	7	7	6	5	8	8	4
M31797Z	2	4	5	5	3	3	4	5	6	4
M31812F	2	8	7	8	8	5	6	6	3	4
M31842M	2	5	5	5	8	4	4	3	1	4
M31868X	2	3	2	2	5	3	7	4	1	4
M31899E	2	3	2	2	3	4	7	9	9	4
M31906L	2	6	7	7	3	5	2	6	9	6
M31912J	2	6	7	6	8	7	1	6	4	6
M31923M	2	1	1	2	3	1	6	4	1	4
M31928S	2	4	4	3	5	3	9	1	1	4
M31941P	2	3	3	3	3	4	7	7	2	4
M31970U	2	2	2	2	1	4	9	3	6	4
M31988E	2	3	2	4	2	2	9	5	2	4
M31997F	2	10	10	9	10	10	4	10	5	5
M32003J	2	9	7	8	6	9	9	4	9	4
M32006M	2	3	2	4	5	2	9	4	5	4
M32007N	2	9	7	7	8	6	9	7	8	4
M32013L	2	5	6	6	10	6	1	8	1	5
M32032P	2	10	9	9	7	10	9	9	3	5
M32045U	2	9	8	8	5	6	9	7	4	4
M32047W	2	4	4	5	7	4	1	1	8	6
M32052T	2	9	9	10	8	8	6	1	8	2
M32074Z	2	5	4	6	7	4	5	2	9	4
M32085C	2	7	5	7	7	4	6	4	10	4
M32104N	2	4	3	4	4	6	4	3	10	5
M32128W	2	4	4	4	5	2	2	3	5	6
M32149B	2	3	3	2	4	6	6	1	8	4
M32155Z	2	4	5	4	3	6	2	6	6	4
M32160W	2	9	9	10	9	9	2	9	10	6
M32170Y	2	3	3	3	8	2	5	7	3	4
M32173B	2	4	4	4	5	6	1	4	7	3
M32177F	2	3	3	3	8	2	5	7	3	4
M32189K	2	2	3	2	1	5	7	2	1	4
M32212R	2	7	7	8	6	5	9	5	1	4
M32215U	2	1	2	1	1	2	8	4	6	4
M32241W	2	3	3	3	5	3	9	2	1	4
M32261A	2	6	4	4	8	6	9	6	5	4
M32273E	2	1	1	2	1	1	9	1	4	4
M32299Q	2	7	6	5	6	6	9	9	3	4
M32328C	2	4	3	5	7	5	3	2	4	4
M32331X	2	2	3	1	3	4	5	3	6	4
M32336C	2	4	4	5	7	4	1	1	8	6
M32349H	2	7	5	6	5	6	8	6	7	4
M32354E	2	9	9	8	9	8	3	6	8	4
M32355F	2	6	8	7	3	4	5	8	2	4
M32396Q	2	5	7	6	2	6	6	8	4	4
M32397R	2	9	6	9	7	8	7	8	8	4
M32420X	2	4	3	4	4	4	9	7	6	4
M32423A	2	4	4	4	5	4	9	3	3	4
M32425C	2	3	3	4	3	5	5	1	10	5
M32435E	2	8	7	6	9	6	5	6	10	4
M32449L	2	6	5	7	7	5	9	7	1	4
M32451E	2	9	8	10	3	9	5	8	7	4
M32469Q	2	2	2	2	3	3	5	2	6	4
M32524E	2	4	3	3	3	4	5	8	4	4
M32540E	2	7	5	6	5	6	8	6	7	4
M32676V	2	5	5	3	6	6	4	8	6	4
M32718N	2	2	1	3	2	1	8	8	5	4
M32729R	2	10	10	10	10	10	2	10	8	4
M32761R	2	9	8	9	3	10	6	9	10	4
M32766W	2	8	8	8	10	8	1	4	9	3
M32781V	2	9	8	8	10	6	7	7	2	4
M32802H	2	2	2	5	4	1	4	7	1	4
M32840P	2	5	6	3	4	7	7	4	4	4
M32841Q	2	10	10	10	9	10	8	9	5	4
M32852T	2	7	6	4	8	7	9	4	6	4
M32909T	2	9	7	6	9	8	9	6	2	4
M32929X	2	6	6	5	5	4	5	8	7	4
M32957B	2	1	1	1	2	2	5	2	4	4
M32959D	2	2	2	4	3	1	9	1	6	4
M32980A	2	10	10	10	9	10	3	10	10	4
M32991D	2	10	10	9	9	7	8	9	9	4
M33006R	2	3	3	2	5	2	4	6	8	5
M33009U	2	9	9	8	6	10	4	10	9	4
M33022R	2	7	10	8	9	5	2	7	1	4
M33040T	2	10	10	10	10	10	6	10	7	4
M33049C	2	2	3	4	1	2	7	1	8	4
M33051W	2	3	3	4	6	3	7	2	1	4
M33068F	2	1	1	1	2	4	3	2	1	4
M33078H	2	2	1	3	2	1	8	8	5	4
M33082D	2	2	1	2	3	2	6	2	10	4
M33083E	2	10	10	10	10	10	9	10	6	4
M33085G	2	7	9	8	9	9	1	5	10	3
M33105T	2	2	2	1	3	3	6	6	1	4
M33137B	2	7	5	7	6	5	9	4	4	5
M33193K	2	3	2	3	4	2	5	5	9	5
M33211U	2	1	1	2	3	1	6	4	1	4
M33214X	2	3	2	3	5	4	4	7	8	6
M33227C	2	2	4	4	1	3	3	7	4	5
M33248H	2	2	1	4	3	1	7	6	3	4
M33290K	2	9	9	8	9	8	3	6	8	4
M33293N	2	8	9	5	8	7	6	10	4	5
M33296R	2	3	2	3	7	3	6	5	1	4
M33348L	2	10	10	9	8	9	6	10	3	4
M33369R	2	10	9	9	10	10	3	8	10	4
M33382N	2	4	3	4	4	4	9	7	6	4
M33416F	2	6	6	4	7	7	4	7	2	4
M33417G	2	8	9	9	9	8	1	8	5	6
M33419J	2	8	8	10	9	8	2	4	3	6
M33420B	2	10	9	7	7	9	8	9	10	4
M33440F	2	9	10	9	7	4	5	6	10	4
M33476T	2	3	3	2	4	6	6	1	8	4
M33494V	2	5	6	5	2	6	5	8	3	4
M33495W	2	3	4	5	1	6	9	5	2	4
M33507H	2	9	7	7	8	6	9	7	8	4
M33534L	2	6	5	6	4	7	9	1	6	4
M33543M	2	7	5	7	8	6	7	6	1	5
M33546Q	2	7	7	8	3	8	7	6	3	4
M33555R	2	2	1	2	1	2	9	6	7	4
M33569X	2	10	10	10	9	10	3	10	10	4
M33631L	2	9	9	8	9	8	3	6	8	4
M33641N	2	3	2	3	5	1	9	5	6	4
M33648V	2	6	6	6	3	5	6	4	8	4
M33672V	2	3	3	3	5	3	9	2	1	4
M33687C	2	1	1	3	3	1	9	1	5	4
M33703K	2	5	6	4	3	5	4	7	4	5
M33716Q	2	10	9	9	7	10	9	9	9	4
M33741R	2	5	5	3	4	5	4	4	9	5
M33773Z	2	3	5	5	1	4	3	6	3	4
M33792C	2	2	3	2	2	6	2	4	9	5
M33802M	2	2	4	3	1	5	7	6	1	4
M33808T	2	2	1	2	1	2	9	6	7	4
M33825U	2	7	9	7	5	5	6	10	1	4
M33830R	2	4	4	4	8	7	1	3	5	3
M33842V	2	2	2	5	4	1	4	7	1	4
M33845Y	2	1	1	3	2	1	8	3	6	4
M33850V	2	8	6	8	6	6	9	6	3	4
M33855A	2	9	9	9	9	8	2	6	8	5
M33856B	2	4	4	5	7	4	1	1	8	6
M33868F	2	8	7	9	7	7	2	7	6	6
M33895J	2	1	1	2	1	2	7	5	10	4
M33924W	2	2	3	3	3	1	5	4	6	5
M33926Y	2	9	8	9	3	10	6	9	10	4
M33929B	2	7	8	8	6	9	9	3	1	4
M33936A	2	2	3	2	2	6	2	4	9	5
M33973F	2	9	10	9	7	10	3	10	3	6
M33975H	2	7	7	7	5	7	3	8	5	4
M33979M	2	2	1	1	7	5	3	1	2	2
M34006V	2	4	3	5	4	5	5	2	7	4
M34011S	2	9	9	10	10	9	2	7	6	3
M34012T	2	4	3	4	3	4	5	6	8	5
M34065G	2	4	5	4	4	4	4	7	8	4
M34069L	2	3	5	5	1	4	3	6	3	4
M34096P	2	4	4	4	6	3	4	3	6	6
M34161F	2	1	2	3	1	2	4	1	4	4
M34198U	2	1	1	1	1	1	9	5	8	4
M34245J	2	2	1	3	5	2	3	2	7	4
M34259Q	2	10	10	10	8	9	2	9	8	6
M34287U	2	2	2	5	2	2	5	3	1	4
M34300Y	2	9	10	9	7	10	3	10	2	4
M34367T	2	9	10	9	7	4	5	6	10	4
M34380Q	2	6	3	6	10	5	9	5	2	4
M34407J	2	2	2	1	3	1	6	7	4	4
M34412F	2	7	7	8	7	6	3	2	10	4
M34417L	2	4	5	6	2	2	5	3	10	4
M34429Q	2	5	6	5	2	6	5	8	3	4
M34431J	2	4	5	4	2	5	9	3	5	4
M34447S	2	4	2	3	4	4	9	3	5	4
M34448T	2	2	2	2	3	4	7	1	10	4
M34461Q	2	2	2	2	4	2	4	4	6	5
M34469Y	2	9	8	8	9	8	4	8	8	4
M34472T	2	10	10	10	10	10	9	10	5	4
M34474V	2	2	2	3	3	1	4	3	4	4
M34477Y	2	9	8	8	8	9	6	10	2	4
M34480T	2	9	7	7	8	6	9	7	8	4
M34522L	2	2	2	2	3	2	9	3	4	4
M34545T	2	6	8	7	3	4	5	8	2	4
M34575Z	2	3	5	5	1	4	3	6	3	4
M34612M	2	7	6	5	6	8	9	9	7	4
M34616R	2	6	7	8	2	5	3	2	5	4
M34624R	2	7	7	8	9	7	2	3	9	6
M34637W	2	7	6	6	8	6	5	10	5	4
M34639Y	2	10	10	10	8	9	2	9	8	6
M34644V	2	8	10	8	6	9	1	10	2	4
M34653W	2	1	2	2	3	1	8	2	5	4
M34656Z	2	3	2	4	2	2	9	5	2	4
M34675C	2	7	7	8	7	6	3	2	10	4
M34685E	2	9	9	5	6	9	5	9	10	4
M34686F	2	5	5	6	3	6	5	5	2	4
M34703P	2	9	7	7	8	6	9	7	8	4
M34734W	2	4	4	3	3	5	9	4	1	4
M34744Y	2	3	3	3	8	2	5	7	3	4
M34749D	2	9	6	9	8	7	8	9	5	5
M34754A	2	10	9	9	7	10	9	9	3	5
M34772C	2	5	5	5	8	4	4	3	1	4
M34784G	2	9	9	8	9	8	4	9	5	4
M34820T	2	10	10	10	9	9	5	10	9	4
M34821U	2	7	10	9	10	8	1	6	7	6
M34829C	2	3	3	3	3	2	9	9	2	4
M34834Z	2	7	6	5	6	8	9	9	7	4
M34837C	2	10	10	8	8	9	4	10	9	4
M34838D	2	6	5	4	6	5	9	6	9	4
M34851A	2	6	5	7	5	2	9	9	8	4
M34863E	2	9	8	9	10	9	2	5	7	3
M34864F	2	9	9	6	10	9	5	8	9	6
M34870D	2	4	6	6	1	4	5	4	4	4
M34885L	2	3	3	4	7	2	7	2	3	4
M34896P	2	5	5	5	10	8	1	2	5	3
M34901T	2	1	1	2	6	1	9	5	9	4
M34904W	2	10	10	10	7	10	7	10	8	4
M34905X	2	10	9	8	10	10	7	10	8	5
M34914Y	2	9	10	9	7	10	3	10	3	6
M34923Z	2	2	2	2	2	2	3	6	8	4
M34926C	2	8	9	9	10	8	1	9	6	3
M34945F	2	9	8	10	8	8	3	7	9	6
M34960E	2	10	8	9	10	10	6	10	2	5
M34978Q	2	10	8	9	10	9	7	9	7	4
M34985P	2	8	7	9	6	4	9	7	2	4
M34991M	2	4	3	3	6	5	5	5	2	4
M34992N	2	10	10	10	7	10	3	10	5	5
M35028F	2	5	4	3	8	5	8	7	4	5
M35029G	2	3	2	4	5	2	9	4	5	4
M35043E	2	1	1	1	2	1	7	2	5	5
M35049L	2	6	6	6	6	8	1	4	5	6
M35081L	2	5	4	5	6	4	5	4	9	5
M35090M	2	7	6	7	7	4	9	4	2	4
M35102Y	2	9	9	5	6	9	5	9	10	4
M35122C	2	2	3	2	1	5	7	2	1	4
M35129K	2	3	2	4	3	2	9	5	3	4
M35164N	2	3	2	2	8	1	7	5	4	4
M35165P	2	5	6	6	10	6	1	8	1	5
M35239Q	2	9	9	10	9	9	2	9	10	6
M35251L	2	3	3	3	5	3	9	2	1	4
M35290T	2	9	10	10	10	9	1	7	3	6
M35296Z	2	3	3	3	3	2	9	9	2	4
M35303F	2	3	2	4	2	2	9	5	2	4
M35316L	2	10	10	10	10	10	7	10	8	4
M35319P	2	2	3	3	1	2	7	5	5	4
M35345R	2	4	4	4	5	6	1	4	7	3
M35359X	2	3	2	4	2	2	9	5	2	4
M35392Y	2	8	7	6	7	9	5	3	7	5
M35415N	2	1	1	1	4	1	7	2	2	4
M35483A	2	7	8	7	8	7	1	7	8	6
M35493C	2	7	6	8	7	7	4	3	10	5
M35500J	2	1	1	1	3	1	6	7	3	4
M35502L	2	6	6	3	6	5	6	7	6	4
M35504N	2	3	2	4	4	3	8	5	2	4
M35528W	2	2	2	4	3	1	9	1	6	4
M35550U	2	2	1	4	6	2	5	1	10	4
M35575D	2	10	9	9	9	8	8	9	7	4
M35687L	2	7	8	7	5	4	5	9	3	4
M35707X	2	5	6	5	2	6	5	8	3	4
M35770E	2	10	8	9	10	10	6	10	2	5
M35809C	2	10	10	10	10	10	6	10	7	4
M35835E	2	7	6	5	6	8	9	9	7	4
M35837G	2	4	3	5	4	5	5	2	7	4
M35846H	2	9	6	7	10	10	9	8	3	4
M35854H	2	7	5	7	9	7	6	8	1	4
